Time_s   F0_Hz
0.397582   nan
0.398332   nan
0.399082   nan
0.399832   nan
0.400582   nan
0.401332   nan
0.402082   nan
0.402832   nan
0.403582   nan
0.404332   nan
0.405082   nan
0.405832   nan
0.406582   nan
0.407332   nan
0.408082   nan
0.408832   nan
0.409582   nan
0.410332   nan
0.411082   nan
0.411832   nan
0.412582   nan
0.413332   nan
0.414082   nan
0.414832   nan
0.415582   nan
0.416332   nan
0.417082   nan
0.417832   nan
0.418582   nan
0.419332   nan
0.420082   nan
0.420832   nan
0.421582   nan
0.422332   nan
0.423082   nan
0.423832   nan
0.424582   nan
0.425332   nan
0.426082   nan
0.426832   nan
0.427582   nan
0.428332   nan
0.429082   nan
0.429832   nan
0.430582   nan
0.431332   nan
0.432082   nan
0.432832   nan
0.433582   nan
0.434332   nan
0.435082   nan
0.435832   nan
0.436582   nan
0.437332   nan
0.438082   nan
0.438832   nan
0.439582   nan
0.440332   nan
0.441082   nan
0.441832   nan
0.442582   nan
0.443332   nan
0.444082   nan
0.444832   nan
0.445582   nan
0.446332   nan
0.447082   nan
0.447832   nan
0.448582   nan
0.449332   nan
0.450082   nan
0.450832   nan
0.451582   nan
0.452332   nan
0.453082   nan
0.453832   nan
0.454582   nan
0.455332   nan
0.456082   nan
0.456832   nan
0.457582   nan
0.458332   nan
0.459082   nan
0.459832   nan
0.460582   nan
0.461332   nan
0.462082   nan
0.462832   nan
0.463582   nan
0.464332   nan
0.465082   nan
0.465832   nan
0.466582   nan
0.467332   nan
0.468082   nan
0.468832   nan
0.469582   nan
0.470332   1599.225437
0.471082   1557.093913
0.471832   1603.603473
0.472582   1623.325826
0.473332   1619.246291
0.474082   1664.663649
0.474832   1631.219262
0.475582   1644.160677
0.476332   1687.378253
0.477082   1674.719481
0.477832   1725.999908
0.478582   1704.178312
0.479332   1755.321828
0.480082   1823.406305
0.480832   1846.112007
0.481582   1943.914530
0.482332   2143.462289
0.483082   2226.531334
0.483832   2222.487162
0.484582   2249.371236
0.485332   2327.611543
0.486082   2351.640380
0.486832   2327.186623
0.487582   2334.677613
0.488332   2294.808538
0.489082   2275.949021
0.489832   2116.818424
0.490582   1807.859920
0.491332   1801.868187
0.492082   1745.479169
0.492832   nan
0.493582   nan
0.494332   nan
0.495082   nan
0.495832   nan
0.496582   nan
0.497332   nan
0.498082   nan
0.498832   nan
0.499582   nan
0.500332   nan
0.501082   nan
0.501832   nan
0.502582   nan
0.503332   nan
0.504082   nan
0.504832   nan
0.505582   nan
0.506332   nan
0.507082   nan
0.507832   nan
0.508582   nan
0.509332   nan
0.510082   nan
0.510832   nan
0.511582   nan
0.512332   nan
0.513082   nan
0.513832   nan
0.514582   nan
0.515332   nan
0.516082   nan
0.516832   nan
0.517582   nan
0.518332   nan
0.519082   nan
0.519832   nan
0.520582   nan
0.521332   nan
0.522082   nan
0.522832   nan
0.523582   nan
0.524332   nan
0.525082   nan
0.525832   nan
0.526582   nan
0.527332   nan
0.528082   nan
0.528832   nan
0.529582   nan
0.530332   nan
0.531082   nan
0.531832   nan
0.532582   nan
0.533332   nan
0.534082   nan
0.534832   nan
0.535582   nan
0.536332   nan
0.537082   nan
0.537832   nan
0.538582   nan
0.539332   nan
0.540082   nan
0.540832   nan
0.541582   nan
0.542332   nan
0.543082   nan
0.543832   nan
0.544582   nan
0.545332   nan
0.546082   nan
0.546832   nan
0.547582   nan
0.548332   nan
0.549082   nan
0.549832   nan
0.550582   nan
0.551332   nan
0.552082   nan
0.552832   nan
0.553582   nan
0.554332   nan
0.555082   nan
0.555832   nan
0.556582   nan
0.557332   nan
0.558082   nan
0.558832   nan
0.559582   nan
0.560332   nan
0.561082   nan
0.561832   1228.122004
0.562582   1268.943887
0.563332   1294.350320
0.564082   1329.703534
0.564832   1370.400315
0.565582   1386.532087
0.566332   1418.876122
0.567082   1448.363174
0.567832   1491.709454
0.568582   1503.695622
0.569332   1562.111508
0.570082   1591.809519
0.570832   1614.572304
0.571582   1611.048688
0.572332   1639.771694
0.573082   1643.937185
0.573832   1629.585423
0.574582   1664.912006
0.575332   1703.658711
0.576082   1710.804969
0.576832   1681.606399
0.577582   1712.440537
0.578332   1695.695997
0.579082   1724.065895
0.579832   1719.798563
0.580582   1773.995716
0.581332   1783.512326
0.582082   1827.048344
0.582832   1940.233938
0.583582   2027.266084
0.584332   2029.288599
0.585082   2053.742341
0.585832   2121.589002
0.586582   2159.157800
0.587332   2243.024859
0.588082   2382.756357
0.588832   2565.431135
0.589582   2720.772868
0.590332   2901.902626
0.591082   2927.890314
0.591832   2971.711773
0.592582   2936.330062
0.593332   2954.676018
0.594082   2938.417039
0.594832   2949.131838
0.595582   2943.262784
0.596332   2905.397947
0.597082   2907.049184
0.597832   2827.634193
0.598582   2741.705062
0.599332   2502.450150
0.600082   nan
0.600832   nan
0.601582   nan
0.602332   nan
0.603082   nan
0.603832   nan
0.604582   nan
0.605332   nan
0.606082   nan
0.606832   nan
0.607582   nan
0.608332   nan
0.609082   nan
0.609832   nan
0.610582   nan
0.611332   nan
0.612082   nan
0.612832   nan
0.613582   nan
0.614332   nan
0.615082   nan
0.615832   nan
0.616582   nan
0.617332   nan
0.618082   nan
0.618832   nan
0.619582   nan
0.620332   nan
0.621082   nan
0.621832   nan
0.622582   nan
0.623332   nan
0.624082   nan
0.624832   nan
0.625582   nan
0.626332   nan
0.627082   nan
0.627832   nan
0.628582   nan
0.629332   nan
0.630082   nan
0.630832   nan
0.631582   nan
0.632332   nan
0.633082   nan
0.633832   nan
0.634582   nan
0.635332   nan
0.636082   nan
0.636832   nan
0.637582   nan
0.638332   nan
0.639082   nan
0.639832   nan
0.640582   nan
0.641332   nan
0.642082   nan
0.642832   nan
0.643582   nan
0.644332   nan
0.645082   nan
0.645832   nan
0.646582   nan
0.647332   nan
0.648082   nan
0.648832   nan
0.649582   nan
0.650332   nan
0.651082   nan
0.651832   nan
0.652582   nan
0.653332   nan
0.654082   nan
0.654832   nan
0.655582   nan
0.656332   nan
0.657082   nan
0.657832   nan
0.658582   nan
0.659332   nan
0.660082   nan
0.660832   nan
0.661582   nan
0.662332   nan
0.663082   1273.532185
0.663832   1314.935023
0.664582   1350.804693
0.665332   1355.235298
0.666082   1368.562652
0.666832   1419.411393
0.667582   1497.744537
0.668332   1508.401297
0.669082   1511.480266
0.669832   1540.067067
0.670582   1588.680138
0.671332   1612.786449
0.672082   1610.922058
0.672832   1649.860523
0.673582   1663.086711
0.674332   1652.278491
0.675082   1685.211800
0.675832   1695.697671
0.676582   1690.386941
0.677332   1726.253372
0.678082   1721.663750
0.678832   1759.563819
0.679582   1862.190820
0.680332   1913.504939
0.681082   1910.143028
0.681832   1922.028336
0.682582   1881.251795
0.683332   2008.919385
0.684082   1989.917918
0.684832   2070.042494
0.685582   2103.287441
0.686332   2091.276155
0.687082   2104.352696
0.687832   2108.983192
0.688582   2122.038061
0.689332   2166.332472
0.690082   2394.541638
0.690832   2442.956025
0.691582   2430.405342
0.692332   2439.534532
0.693082   2496.260217
0.693832   2589.556161
0.694582   2801.886087
0.695332   2792.877429
0.696082   2877.795798
0.696832   2995.391336
0.697582   2927.864376
0.698332   2953.546056
0.699082   2957.418286
0.699832   2940.433302
0.700582   2959.842454
0.701332   3000.403747
0.702082   2997.003635
0.702832   2984.099458
0.703582   3016.919161
0.704332   2990.568143
0.705082   3012.431014
0.705832   3034.277289
0.706582   3034.363174
0.707332   3052.659260
0.708082   3039.685140
0.708832   3036.471702
0.709582   3040.597521
0.710332   3023.097312
0.711082   3031.499054
0.711832   3012.653136
0.712582   3037.955263
0.713332   3015.540863
0.714082   3012.660142
0.714832   3026.064434
0.715582   3007.176166
0.716332   3027.071073
0.717082   3018.302288
0.717832   3020.987774
0.718582   3013.598585
0.719332   3020.090250
0.720082   2995.138407
0.720832   3004.479986
0.721582   3018.343308
0.722332   2983.048755
0.723082   2917.668486
0.723832   2921.818386
0.724582   2974.298330
0.725332   2907.533387
0.726082   2908.097910
0.726832   3007.888800
0.727582   2978.602455
0.728332   2920.114950
0.729082   2910.278488
0.729832   2914.540264
0.730582   2982.385926
0.731332   2919.514667
0.732082   2709.666074
0.732832   2722.264074
0.733582   2720.727125
0.734332   2617.925030
0.735082   2482.238941
0.735832   1459.877123
0.736582   1767.529236
0.737332   1731.456719
0.738082   1595.217151
0.738832   1550.359749
0.739582   1498.874208
0.740332   1513.179391
0.741082   1418.072868
0.741832   1322.836438
0.742582   1275.348524
0.743332   1220.354752
0.744082   nan
0.744832   nan
0.745582   nan
0.746332   nan
0.747082   nan
0.747832   nan
0.748582   nan
0.749332   nan
0.750082   nan
0.750832   nan
0.751582   nan
0.752332   nan
0.753082   nan
0.753832   nan
0.754582   nan
0.755332   nan
0.756082   nan
0.756832   nan
0.757582   nan
0.758332   nan
0.759082   nan
0.759832   nan
0.760582   nan
0.761332   nan
0.762082   nan
0.762832   nan
0.763582   nan
0.764332   nan
0.765082   nan
0.765832   nan
0.766582   nan
0.767332   nan
0.768082   nan
0.768832   nan
0.769582   nan
0.770332   nan
0.771082   nan
0.771832   nan
0.772582   nan
0.773332   nan
0.774082   nan
0.774832   nan
0.775582   nan
0.776332   nan
0.777082   nan
0.777832   nan
0.778582   nan
0.779332   nan
0.780082   nan
0.780832   nan
0.781582   nan
0.782332   nan
0.783082   nan
0.783832   nan
0.784582   nan
0.785332   nan
0.786082   nan
0.786832   nan
0.787582   nan
0.788332   nan
0.789082   nan
0.789832   nan
0.790582   nan
0.791332   nan
0.792082   nan
0.792832   nan
0.793582   nan
0.794332   nan
0.795082   nan
0.795832   nan
0.796582   nan
0.797332   nan
0.798082   nan
0.798832   nan
0.799582   nan
0.800332   nan
0.801082   nan
0.801832   nan
0.802582   nan
0.803332   nan
0.804082   nan
0.804832   nan
0.805582   nan
0.806332   nan
0.807082   nan
0.807832   nan
0.808582   nan
0.809332   nan
0.810082   nan
0.810832   nan
0.811582   nan
0.812332   nan
0.813082   nan
0.813832   nan
0.814582   nan
0.815332   nan
0.816082   nan
0.816832   nan
0.817582   nan
0.818332   1164.632151
0.819082   1242.294756
0.819832   1251.914011
0.820582   1298.839400
0.821332   1331.818861
0.822082   1347.824501
0.822832   1359.466213
0.823582   1386.264676
0.824332   1441.834659
0.825082   1431.459134
0.825832   1511.767798
0.826582   1529.152966
0.827332   1563.863457
0.828082   1612.670273
0.828832   1584.605699
0.829582   1631.747955
0.830332   1634.470300
0.831082   1662.887157
0.831832   1732.580723
0.832582   1701.934135
0.833332   1741.716761
0.834082   1835.097972
0.834832   1879.024542
0.835582   1899.097507
0.836332   1918.444949
0.837082   1964.999262
0.837832   1909.255995
0.838582   1889.264645
0.839332   1972.876852
0.840082   1988.458188
0.840832   1945.701623
0.841582   2012.386142
0.842332   2008.860782
0.843082   2043.563036
0.843832   2043.997537
0.844582   2089.567266
0.845332   2045.854209
0.846082   2070.263729
0.846832   2062.558612
0.847582   2080.118800
0.848332   2115.857793
0.849082   2188.506054
0.849832   2332.615090
0.850582   2366.510907
0.851332   2336.626166
0.852082   2330.881642
0.852832   2461.428860
0.853582   2594.282649
0.854332   2793.030866
0.855082   2789.592819
0.855832   2788.979224
0.856582   2841.739995
0.857332   2968.250527
0.858082   2900.482960
0.858832   2915.839817
0.859582   2916.359794
0.860332   2914.516967
0.861082   2947.012406
0.861832   2999.758519
0.862582   2971.546987
0.863332   2970.224490
0.864082   2978.634544
0.864832   2933.462034
0.865582   2950.662598
0.866332   3042.809403
0.867082   3014.890843
0.867832   2980.724054
0.868582   3005.682972
0.869332   2975.660593
0.870082   2975.531036
0.870832   2999.974306
0.871582   2958.993678
0.872332   2975.002258
0.873082   2982.931077
0.873832   2944.865440
0.874582   2975.071924
0.875332   2957.451253
0.876082   2961.921301
0.876832   2943.936685
0.877582   2942.808615
0.878332   2966.185663
0.879082   2943.515623
0.879832   2959.518456
0.880582   2931.414458
0.881332   2945.840391
0.882082   2945.367870
0.882832   2951.597688
0.883582   2959.316363
0.884332   2923.950919
0.885082   2931.305986
0.885832   2934.874953
0.886582   2901.540081
0.887332   2867.600201
0.888082   2857.141080
0.888832   2804.497057
0.889582   2781.889401
0.890332   2743.534859
0.891082   2740.062149
0.891832   2772.442876
0.892582   2747.920189
0.893332   2639.173004
0.894082   2498.881077
0.894832   nan
0.895582   nan
0.896332   nan
0.897082   nan
0.897832   nan
0.898582   nan
0.899332   nan
0.900082   nan
0.900832   nan
0.901582   nan
0.902332   nan
0.903082   nan
0.903832   nan
0.904582   nan
0.905332   nan
0.906082   nan
0.906832   nan
0.907582   nan
0.908332   nan
0.909082   nan
0.909832   nan
0.910582   nan
0.911332   nan
0.912082   nan
0.912832   nan
0.913582   nan
0.914332   nan
0.915082   nan
0.915832   nan
0.916582   nan
0.917332   nan
0.918082   nan
0.918832   nan
0.919582   nan
0.920332   nan
0.921082   nan
0.921832   nan
0.922582   nan
0.923332   nan
0.924082   nan
0.924832   nan
0.925582   nan
0.926332   nan
0.927082   nan
0.927832   nan
0.928582   nan
0.929332   nan
0.930082   nan
0.930832   nan
0.931582   nan
0.932332   nan
0.933082   nan
0.933832   nan
0.934582   nan
0.935332   nan
0.936082   nan
0.936832   nan
0.937582   nan
0.938332   nan
0.939082   nan
0.939832   nan
0.940582   nan
0.941332   nan
0.942082   nan
0.942832   nan
0.943582   nan
0.944332   nan
0.945082   nan
0.945832   nan
0.946582   nan
0.947332   nan
0.948082   nan
0.948832   nan
0.949582   nan
0.950332   nan
0.951082   nan
0.951832   nan
0.952582   nan
0.953332   nan
0.954082   nan
0.954832   nan
0.955582   nan
0.956332   nan
0.957082   nan
0.957832   nan
0.958582   nan
0.959332   nan
0.960082   nan
0.960832   nan
0.961582   nan
0.962332   nan
0.963082   nan
0.963832   nan
0.964582   nan
0.965332   nan
0.966082   nan
0.966832   nan
0.967582   nan
0.968332   nan
0.969082   nan
0.969832   nan
0.970582   nan
0.971332   nan
0.972082   nan
0.972832   nan
0.973582   nan
0.974332   nan
0.975082   nan
0.975832   nan
0.976582   nan
0.977332   nan
0.978082   nan
0.978832   nan
0.979582   nan
0.980332   1130.078493
0.981082   1199.418369
0.981832   1245.750945
0.982582   1268.908909
0.983332   1300.092190
0.984082   1340.251721
0.984832   1353.855970
0.985582   1376.239752
0.986332   1385.271592
0.987082   1468.061139
0.987832   1488.278463
0.988582   1527.313321
0.989332   1610.841533
0.990082   1589.511165
0.990832   1620.165482
0.991582   1671.688322
0.992332   1686.477331
0.993082   1697.198056
0.993832   1714.036555
0.994582   1807.279933
0.995332   1875.069097
0.996082   1939.513250
0.996832   1859.510990
0.997582   1976.580131
0.998332   1943.641459
0.999082   1929.803612
0.999832   1991.239844
1.000582   1949.079854
1.001332   2010.867062
1.002082   2044.116996
1.002832   1961.948701
1.003582   2085.028797
1.004332   2059.740597
1.005082   2062.514757
1.005832   2054.293947
1.006582   2072.593170
1.007332   2098.025347
1.008082   2095.311132
1.008832   2165.993255
1.009582   2291.953102
1.010332   2320.598033
1.011082   2265.153763
1.011832   2258.359554
1.012582   2334.563970
1.013332   2335.833338
1.014082   2404.198083
1.014832   2538.111709
1.015582   2703.666002
1.016332   2824.773754
1.017082   2806.791183
1.017832   2817.787823
1.018582   2895.479374
1.019332   2945.768721
1.020082   2897.265303
1.020832   2883.142098
1.021582   2915.654975
1.022332   2926.923019
1.023082   2935.283903
1.023832   2976.613257
1.024582   3013.511000
1.025332   2971.260421
1.026082   2963.396286
1.026832   2984.839510
1.027582   2968.870228
1.028332   2973.206137
1.029082   2995.362345
1.029832   2991.486667
1.030582   2948.525502
1.031332   2983.820657
1.032082   2996.611338
1.032832   3027.665166
1.033582   3049.649262
1.034332   3035.314641
1.035082   3038.937664
1.035832   3083.675050
1.036582   3012.377546
1.037332   3032.800160
1.038082   3072.094369
1.038832   3044.026005
1.039582   3024.367163
1.040332   2998.116852
1.041082   2979.136415
1.041832   2971.512347
1.042582   3026.445582
1.043332   3066.229182
1.044082   3032.260546
1.044832   3017.032545
1.045582   2982.857014
1.046332   2954.046087
1.047082   2968.502829
1.047832   2952.059699
1.048582   2944.587340
1.049332   2920.119864
1.050082   2948.499934
1.050832   2933.895262
1.051582   2941.869664
1.052332   2911.274210
1.053082   2883.164194
1.053832   2886.123674
1.054582   2850.626633
1.055332   2819.360598
1.056082   2782.999606
1.056832   2769.303469
1.057582   2758.669741
1.058332   2685.161146
1.059082   2524.312784
1.059832   1530.891392
1.060582   1666.791647
1.061332   1654.629614
1.062082   1609.938340
1.062832   1599.100619
1.063582   1531.389939
1.064332   1490.440345
1.065082   1450.845647
1.065832   1417.463531
1.066582   1327.947215
1.067332   1249.275431
1.068082   nan
1.068832   nan
1.069582   nan
1.070332   nan
1.071082   nan
1.071832   nan
1.072582   nan
1.073332   nan
1.074082   nan
1.074832   nan
1.075582   nan
1.076332   nan
1.077082   nan
1.077832   nan
1.078582   nan
1.079332   nan
1.080082   nan
1.080832   nan
1.081582   nan
1.082332   nan
1.083082   nan
1.083832   nan
1.084582   nan
1.085332   nan
1.086082   nan
1.086832   nan
1.087582   nan
1.088332   nan
1.089082   nan
1.089832   nan
1.090582   nan
1.091332   nan
1.092082   nan
1.092832   nan
1.093582   nan
1.094332   nan
1.095082   nan
1.095832   nan
1.096582   nan
1.097332   nan
1.098082   nan
1.098832   nan
1.099582   nan
1.100332   nan
1.101082   nan
1.101832   nan
1.102582   nan
1.103332   nan
1.104082   nan
1.104832   nan
1.105582   nan
1.106332   nan
1.107082   nan
1.107832   nan
1.108582   nan
1.109332   nan
1.110082   nan
1.110832   nan
1.111582   nan
1.112332   nan
1.113082   nan
1.113832   nan
1.114582   nan
1.115332   nan
1.116082   nan
1.116832   nan
1.117582   nan
1.118332   nan
1.119082   nan
1.119832   nan
1.120582   nan
1.121332   nan
1.122082   nan
1.122832   nan
1.123582   nan
1.124332   nan
1.125082   nan
1.125832   nan
1.126582   nan
1.127332   nan
1.128082   nan
1.128832   nan
1.129582   nan
1.130332   nan
1.131082   nan
1.131832   nan
1.132582   nan
1.133332   nan
1.134082   nan
1.134832   nan
1.135582   nan
1.136332   nan
1.137082   nan
1.137832   nan
1.138582   nan
1.139332   nan
1.140082   nan
1.140832   nan
1.141582   nan
1.142332   nan
1.143082   nan
1.143832   nan
1.144582   nan
1.145332   nan
1.146082   nan
1.146832   nan
1.147582   nan
1.148332   nan
1.149082   nan
1.149832   1225.578912
1.150582   1266.019354
1.151332   1300.991185
1.152082   1348.957535
1.152832   1366.801174
1.153582   1375.597186
1.154332   1397.831496
1.155082   1466.691161
1.155832   1531.192636
1.156582   1551.560421
1.157332   1529.331223
1.158082   1564.637622
1.158832   1626.917731
1.159582   1606.984534
1.160332   1656.952278
1.161082   1687.547131
1.161832   1690.946083
1.162582   1805.748023
1.163332   1948.924501
1.164082   1875.007834
1.164832   1856.988759
1.165582   2115.126537
1.166332   2038.779770
1.167082   2074.927779
1.167832   2141.537961
1.168582   2195.270679
1.169332   2082.659624
1.170082   2063.618389
1.170832   2199.552046
1.171582   2180.267807
1.172332   2113.873302
1.173082   2170.843592
1.173832   2207.361733
1.174582   2190.809772
1.175332   2178.554770
1.176082   2220.218289
1.176832   2212.680740
1.177582   2229.701331
1.178332   2243.796264
1.179082   2281.239285
1.179832   2305.166346
1.180582   2311.751765
1.181332   2389.729945
1.182082   2457.249095
1.182832   2555.253894
1.183582   2722.982748
1.184332   2771.950448
1.185082   2782.222310
1.185832   2804.470545
1.186582   2845.068824
1.187332   2897.000429
1.188082   2940.935768
1.188832   2885.687443
1.189582   2923.098399
1.190332   2952.675240
1.191082   2963.850325
1.191832   2966.859833
1.192582   2953.265258
1.193332   2895.664702
1.194082   2943.203882
1.194832   2907.280746
1.195582   2955.172022
1.196332   2993.805912
1.197082   2979.216294
1.197832   2964.714904
1.198582   3017.456121
1.199332   2983.627179
1.200082   2930.831743
1.200832   2948.155835
1.201582   2994.051865
1.202332   3136.637271
1.203082   3177.780153
1.203832   3076.795799
1.204582   3076.277947
1.205332   3033.663271
1.206082   3011.041865
1.206832   3008.291285
1.207582   3005.555305
1.208332   3014.592540
1.209082   3004.893420
1.209832   2990.100437
1.210582   3005.122689
1.211332   2989.871868
1.212082   2950.664981
1.212832   2952.865196
1.213582   2913.104815
1.214332   2910.176528
1.215082   2899.749142
1.215832   2894.739575
1.216582   2883.909283
1.217332   2862.810510
1.218082   2842.166699
1.218832   2848.520557
1.219582   2848.526933
1.220332   2856.599890
1.221082   2835.239502
1.221832   2823.088557
1.222582   2830.772799
1.223332   2803.928448
1.224082   2807.053909
1.224832   2761.012710
1.225582   2763.137248
1.226332   2766.641708
1.227082   2692.057727
1.227832   2572.751922
1.228582   nan
1.229332   nan
1.230082   nan
1.230832   nan
1.231582   nan
1.232332   nan
1.233082   nan
1.233832   nan
1.234582   nan
1.235332   nan
1.236082   nan
1.236832   nan
1.237582   nan
1.238332   nan
1.239082   nan
1.239832   nan
1.240582   nan
1.241332   nan
1.242082   nan
1.242832   nan
1.243582   nan
1.244332   nan
1.245082   nan
1.245832   nan
1.246582   nan
1.247332   nan
1.248082   nan
1.248832   nan
1.249582   nan
1.250332   nan
1.251082   nan
1.251832   nan
1.252582   nan
1.253332   nan
1.254082   nan
1.254832   nan
1.255582   nan
1.256332   nan
1.257082   nan
1.257832   nan
1.258582   nan
1.259332   nan
1.260082   nan
1.260832   nan
1.261582   nan
1.262332   nan
1.263082   nan
1.263832   nan
1.264582   nan
1.265332   nan
1.266082   nan
1.266832   nan
1.267582   nan
1.268332   nan
1.269082   nan
1.269832   nan
1.270582   nan
1.271332   nan
1.272082   nan
1.272832   nan
1.273582   nan
1.274332   nan
1.275082   nan
1.275832   nan
1.276582   nan
1.277332   nan
1.278082   nan
1.278832   nan
1.279582   nan
1.280332   nan
1.281082   nan
1.281832   nan
1.282582   nan
1.283332   nan
1.284082   nan
1.284832   nan
1.285582   nan
1.286332   nan
1.287082   nan
1.287832   nan
1.288582   nan
1.289332   nan
1.290082   nan
1.290832   nan
1.291582   nan
1.292332   nan
1.293082   nan
1.293832   nan
1.294582   nan
1.295332   nan
1.296082   nan
1.296832   nan
1.297582   nan
1.298332   nan
1.299082   nan
1.299832   nan
1.300582   nan
1.301332   nan
1.302082   nan
1.302832   nan
1.303582   nan
1.304332   nan
1.305082   nan
1.305832   nan
1.306582   nan
1.307332   nan
1.308082   nan
1.308832   nan
1.309582   nan
1.310332   nan
1.311082   nan
1.311832   nan
1.312582   nan
1.313332   nan
1.314082   nan
1.314832   nan
1.315582   nan
1.316332   nan
1.317082   nan
1.317832   nan
1.318582   nan
1.319332   1278.980909
1.320082   1305.515666
1.320832   1344.609521
1.321582   1363.223211
1.322332   1392.946495
1.323082   1408.213129
1.323832   1491.054445
1.324582   1528.657071
1.325332   1589.142992
1.326082   1573.046231
1.326832   1567.465934
1.327582   1623.508095
1.328332   1646.064990
1.329082   1665.893855
1.329832   1705.122207
1.330582   1746.600391
1.331332   1947.792368
1.332082   1936.954412
1.332832   1798.128515
1.333582   2058.757505
1.334332   1888.787064
1.335082   1871.221096
1.335832   2039.836188
1.336582   2004.273134
1.337332   2059.606611
1.338082   2092.396857
1.338832   2174.597311
1.339582   2208.530666
1.340332   2148.269616
1.341082   2161.656465
1.341832   2238.268780
1.342582   2260.513855
1.343332   2255.044699
1.344082   2265.773762
1.344832   2283.052675
1.345582   2355.902996
1.346332   2391.390586
1.347082   2517.397249
1.347832   2704.071991
1.348582   2794.293772
1.349332   2769.266878
1.350082   2753.925171
1.350832   2800.149189
1.351582   2818.264896
1.352332   2834.348113
1.353082   2853.630756
1.353832   2860.240427
1.354582   2834.905328
1.355332   2863.309205
1.356082   2829.015002
1.356832   2828.706815
1.357582   2873.303402
1.358332   2903.140224
1.359082   2884.327671
1.359832   2846.615644
1.360582   2845.156069
1.361332   2846.245682
1.362082   2876.687497
1.362832   2865.898823
1.363582   2864.864334
1.364332   2881.059177
1.365082   2902.279260
1.365832   2885.531857
1.366582   2905.237644
1.367332   2933.765428
1.368082   2945.167057
1.368832   2947.128259
1.369582   2943.307320
1.370332   2989.363176
1.371082   3005.863635
1.371832   2952.811928
1.372582   2938.887864
1.373332   2951.093003
1.374082   2960.073915
1.374832   2956.434904
1.375582   2959.709828
1.376332   2959.971647
1.377082   2966.528711
1.377832   2968.089755
1.378582   2926.671253
1.379332   2933.992644
1.380082   2934.584409
1.380832   2926.207563
1.381582   2907.460886
1.382332   2925.042156
1.383082   2879.156153
1.383832   2876.998106
1.384582   2868.852024
1.385332   2851.403745
1.386082   2832.079019
1.386832   2843.914539
1.387582   2812.682412
1.388332   2822.129996
1.389082   2818.399423
1.389832   2817.234794
1.390582   2812.104732
1.391332   2792.260651
1.392082   2769.309145
1.392832   2729.179795
1.393582   2655.940757
1.394332   2547.991264
1.395082   2442.396035
1.395832   2281.806162
1.396582   2351.621986
1.397332   1622.215833
1.398082   1700.092085
1.398832   1695.316496
1.399582   1621.589387
1.400332   1534.035596
1.401082   1519.039344
1.401832   1465.884821
1.402582   1433.871616
1.403332   1382.652970
1.404082   1306.701112
1.404832   1268.008348
1.405582   nan
1.406332   nan
1.407082   nan
1.407832   nan
1.408582   nan
1.409332   nan
1.410082   nan
1.410832   nan
1.411582   nan
1.412332   nan
1.413082   nan
1.413832   nan
1.414582   nan
1.415332   nan
1.416082   nan
1.416832   nan
1.417582   nan
1.418332   nan
1.419082   nan
1.419832   nan
1.420582   nan
1.421332   nan
1.422082   nan
1.422832   nan
1.423582   nan
1.424332   nan
1.425082   nan
1.425832   nan
1.426582   nan
1.427332   nan
1.428082   nan
1.428832   nan
1.429582   nan
1.430332   nan
1.431082   nan
1.431832   nan
1.432582   nan
1.433332   nan
1.434082   nan
1.434832   nan
1.435582   nan
1.436332   nan
1.437082   nan
1.437832   nan
1.438582   nan
1.439332   nan
1.440082   nan
1.440832   nan
1.441582   nan
1.442332   nan
1.443082   nan
1.443832   nan
1.444582   nan
1.445332   nan
1.446082   nan
1.446832   nan
1.447582   nan
1.448332   nan
1.449082   nan
1.449832   nan
1.450582   nan
1.451332   nan
1.452082   nan
1.452832   nan
1.453582   nan
1.454332   nan
1.455082   nan
1.455832   nan
1.456582   nan
1.457332   nan
1.458082   nan
1.458832   nan
1.459582   nan
1.460332   nan
1.461082   nan
1.461832   nan
1.462582   nan
1.463332   nan
1.464082   nan
1.464832   nan
1.465582   nan
1.466332   nan
1.467082   nan
1.467832   nan
1.468582   nan
1.469332   nan
1.470082   nan
1.470832   nan
1.471582   nan
1.472332   nan
1.473082   nan
1.473832   nan
1.474582   nan
1.475332   nan
1.476082   nan
1.476832   nan
1.477582   nan
1.478332   nan
1.479082   nan
1.479832   nan
1.480582   nan
1.481332   nan
1.482082   nan
1.482832   nan
1.483582   nan
1.484332   nan
1.485082   nan
1.485832   nan
1.486582   nan
1.487332   nan
1.488082   nan
1.488832   nan
1.489582   1241.935739
1.490332   1263.601747
1.491082   1296.568004
1.491832   1323.534987
1.492582   1357.393002
1.493332   1379.355347
1.494082   1395.842812
1.494832   1445.525907
1.495582   1522.380654
1.496332   1552.907061
1.497082   1553.183281
1.497832   1571.199858
1.498582   1613.059754
1.499332   1632.664906
1.500082   1629.169456
1.500832   1685.344877
1.501582   1850.488761
1.502332   1990.884213
1.503082   1846.104115
1.503832   2032.201106
1.504582   2139.635987
1.505332   2063.866784
1.506082   2206.587976
1.506832   2169.325298
1.507582   2057.124296
1.508332   2072.037171
1.509082   2143.409314
1.509832   2246.853411
1.510582   2218.180780
1.511332   2256.376435
1.512082   2304.887337
1.512832   2402.846241
1.513582   2574.286414
1.514332   2726.800618
1.515082   2778.323290
1.515832   2749.093084
1.516582   2764.247328
1.517332   2798.289240
1.518082   2808.518280
1.518832   2814.769221
1.519582   2821.838708
1.520332   2839.982023
1.521082   2841.714970
1.521832   2799.504634
1.522582   2804.493753
1.523332   2808.452449
1.524082   2874.511975
1.524832   2853.231405
1.525582   2842.834992
1.526332   2836.944395
1.527082   2830.554448
1.527832   2833.719326
1.528582   2862.526438
1.529332   2822.806264
1.530082   2839.558293
1.530832   2862.389258
1.531582   2925.651157
1.532332   2882.656905
1.533082   2826.060470
1.533832   2910.958920
1.534582   3008.466617
1.535332   2936.486685
1.536082   2940.641198
1.536832   2913.613640
1.537582   2933.980989
1.538332   2939.118290
1.539082   3025.073573
1.539832   2988.877828
1.540582   3012.498620
1.541332   3011.811268
1.542082   3008.073970
1.542832   2968.967210
1.543582   3007.069210
1.544332   3025.908428
1.545082   3009.676375
1.545832   3010.631798
1.546582   2995.710933
1.547332   2975.858792
1.548082   2948.908228
1.548832   2975.413129
1.549582   2989.985579
1.550332   3018.777832
1.551082   3028.274177
1.551832   2977.137513
1.552582   2980.021206
1.553332   3019.771211
1.554082   3030.828454
1.554832   3038.632392
1.555582   2948.337465
1.556332   2927.592003
1.557082   2904.405200
1.557832   2909.441323
1.558582   2937.801390
1.559332   2944.282198
1.560082   2892.469002
1.560832   2903.679561
1.561582   2889.042783
1.562332   2859.114450
1.563082   2847.018355
1.563832   2834.155950
1.564582   2810.217828
1.565332   2776.830122
1.566082   2713.494704
1.566832   2669.894071
1.567582   2525.400870
1.568332   2224.907560
1.569082   1831.553048
1.569832   1715.887554
1.570582   1603.797564
1.571332   1579.883361
1.572082   1554.285969
1.572832   1457.680710
1.573582   1436.364201
1.574332   1361.017298
1.575082   1307.586252
1.575832   nan
1.576582   nan
1.577332   nan
1.578082   nan
1.578832   nan
1.579582   nan
1.580332   nan
1.581082   nan
1.581832   nan
1.582582   nan
1.583332   nan
1.584082   nan
1.584832   nan
1.585582   nan
1.586332   nan
1.587082   nan
1.587832   nan
1.588582   nan
1.589332   nan
1.590082   nan
1.590832   nan
1.591582   nan
1.592332   nan
1.593082   nan
1.593832   nan
1.594582   nan
1.595332   nan
1.596082   nan
1.596832   nan
1.597582   nan
1.598332   nan
1.599082   nan
1.599832   nan
1.600582   nan
1.601332   nan
1.602082   nan
1.602832   nan
1.603582   nan
1.604332   nan
1.605082   nan
1.605832   nan
1.606582   nan
1.607332   nan
1.608082   nan
1.608832   nan
1.609582   nan
1.610332   nan
1.611082   nan
1.611832   nan
1.612582   nan
1.613332   nan
1.614082   nan
1.614832   nan
1.615582   nan
1.616332   nan
1.617082   nan
1.617832   nan
1.618582   nan
1.619332   nan
1.620082   nan
1.620832   nan
1.621582   nan
1.622332   nan
1.623082   nan
1.623832   nan
1.624582   nan
1.625332   nan
1.626082   nan
1.626832   nan
1.627582   nan
1.628332   nan
1.629082   nan
1.629832   nan
1.630582   nan
1.631332   nan
1.632082   nan
1.632832   nan
1.633582   nan
1.634332   nan
1.635082   nan
1.635832   nan
1.636582   nan
1.637332   nan
1.638082   nan
1.638832   nan
1.639582   nan
1.640332   nan
1.641082   nan
1.641832   nan
1.642582   nan
1.643332   nan
1.644082   nan
1.644832   nan
1.645582   nan
1.646332   nan
1.647082   nan
1.647832   nan
1.648582   nan
1.649332   nan
1.650082   nan
1.650832   nan
1.651582   nan
1.652332   nan
1.653082   nan
1.653832   nan
1.654582   nan
1.655332   nan
1.656082   nan
1.656832   nan
1.657582   nan
1.658332   nan
1.659082   1191.579787
1.659832   1239.740106
1.660582   1274.137898
1.661332   1302.691720
1.662082   1334.723838
1.662832   1358.826296
1.663582   1388.706001
1.664332   1395.754275
1.665082   1446.460332
1.665832   1470.720920
1.666582   1541.718656
1.667332   1558.845110
1.668082   1561.406569
1.668832   1604.971761
1.669582   1641.656152
1.670332   1639.013637
1.671082   1644.790388
1.671832   1768.713519
1.672582   1979.652372
1.673332   1864.539182
1.674082   1856.816348
1.674832   2045.905264
1.675582   1991.214506
1.676332   2021.445518
1.677082   2086.751071
1.677832   2191.445229
1.678582   2165.519735
1.679332   2159.636951
1.680082   2199.706307
1.680832   2223.153773
1.681582   2199.935093
1.682332   2266.176092
1.683082   2256.129033
1.683832   2223.539424
1.684582   2318.120262
1.685332   2449.976205
1.686082   2543.372835
1.686832   2708.670631
1.687582   2760.034714
1.688332   2759.963690
1.689082   2763.393192
1.689832   2788.086533
1.690582   2816.950566
1.691332   2819.774063
1.692082   2828.434994
1.692832   2850.443387
1.693582   2783.558113
1.694332   2820.002328
1.695082   2841.044135
1.695832   2835.184518
1.696582   2838.119391
1.697332   2844.526332
1.698082   2803.921113
1.698832   2814.596491
1.699582   2848.683564
1.700332   2834.758923
1.701082   2864.812953
1.701832   2870.787237
1.702582   2857.981096
1.703332   2896.127646
1.704082   2885.897978
1.704832   2914.332788
1.705582   2919.364036
1.706332   2949.600909
1.707082   2939.297283
1.707832   2952.282993
1.708582   2956.708956
1.709332   2970.764478
1.710082   2964.251341
1.710832   2974.408477
1.711582   2985.125765
1.712332   2968.787954
1.713082   2974.017194
1.713832   2954.646375
1.714582   2962.132347
1.715332   2960.479529
1.716082   2963.669491
1.716832   2969.850700
1.717582   2982.750052
1.718332   2961.249492
1.719082   2943.662356
1.719832   2935.829084
1.720582   2936.074294
1.721332   2923.467386
1.722082   2935.367480
1.722832   2937.989025
1.723582   2935.631815
1.724332   2940.408859
1.725082   2941.877864
1.725832   2904.575343
1.726582   2905.643471
1.727332   2895.361461
1.728082   2900.405818
1.728832   2886.549428
1.729582   2879.884093
1.730332   2865.345733
1.731082   2856.988485
1.731832   2842.983016
1.732582   2816.869737
1.733332   2800.982835
1.734082   2778.703395
1.734832   2750.907556
1.735582   2693.579427
1.736332   2556.902249
1.737082   2218.367670
1.737832   1908.755680
1.738582   1779.306675
1.739332   1655.889100
1.740082   1595.381661
1.740832   1517.081699
1.741582   1484.855707
1.742332   1444.761015
1.743082   1378.157101
1.743832   1310.374772
1.744582   1289.064041
1.745332   nan
1.746082   nan
1.746832   nan
1.747582   nan
1.748332   nan
1.749082   nan
1.749832   nan
1.750582   nan
1.751332   nan
1.752082   nan
1.752832   nan
1.753582   nan
1.754332   nan
1.755082   nan
1.755832   nan
1.756582   nan
1.757332   nan
1.758082   nan
1.758832   nan
1.759582   nan
1.760332   nan
1.761082   nan
1.761832   nan
1.762582   nan
1.763332   nan
1.764082   nan
1.764832   nan
1.765582   nan
1.766332   nan
1.767082   nan
1.767832   nan
1.768582   nan
1.769332   nan
1.770082   nan
1.770832   nan
1.771582   nan
1.772332   nan
1.773082   nan
1.773832   nan
1.774582   nan
1.775332   nan
1.776082   nan
1.776832   nan
1.777582   nan
1.778332   nan
1.779082   nan
1.779832   nan
1.780582   nan
1.781332   nan
1.782082   nan
1.782832   nan
1.783582   nan
1.784332   nan
1.785082   nan
1.785832   nan
1.786582   nan
1.787332   nan
1.788082   nan
1.788832   nan
1.789582   nan
1.790332   nan
1.791082   nan
1.791832   nan
1.792582   nan
1.793332   nan
1.794082   nan
1.794832   nan
1.795582   nan
1.796332   nan
1.797082   nan
1.797832   nan
1.798582   nan
1.799332   nan
1.800082   nan
1.800832   nan
1.801582   nan
1.802332   nan
1.803082   nan
1.803832   nan
1.804582   nan
1.805332   nan
1.806082   nan
1.806832   nan
1.807582   nan
1.808332   nan
1.809082   nan
1.809832   nan
1.810582   nan
1.811332   nan
1.812082   nan
1.812832   nan
1.813582   nan
1.814332   nan
1.815082   nan
1.815832   nan
1.816582   nan
1.817332   nan
1.818082   nan
1.818832   nan
1.819582   nan
1.820332   nan
1.821082   nan
1.821832   nan
1.822582   nan
1.823332   nan
1.824082   nan
1.824832   nan
1.825582   nan
1.826332   1086.696333
1.827082   1159.917397
1.827832   1200.171541
1.828582   1217.972751
1.829332   1285.995249
1.830082   1325.805222
1.830832   1356.838620
1.831582   1371.954323
1.832332   1396.332384
1.833082   1426.580019
1.833832   1492.199287
1.834582   1531.360021
1.835332   1551.842649
1.836082   1572.774388
1.836832   1599.707892
1.837582   1612.430252
1.838332   1644.379708
1.839082   1743.197948
1.839832   1910.956482
1.840582   1986.281639
1.841332   1851.543639
1.842082   1998.312576
1.842832   2009.124606
1.843582   2031.040364
1.844332   2007.619289
1.845082   2053.343951
1.845832   2115.583972
1.846582   2135.191717
1.847332   2164.976032
1.848082   2194.261970
1.848832   2220.699820
1.849582   2264.045125
1.850332   2240.016643
1.851082   2233.919344
1.851832   2380.796528
1.852582   2487.929252
1.853332   2627.889687
1.854082   2743.015199
1.854832   2743.791222
1.855582   2731.749019
1.856332   2755.201319
1.857082   2767.229567
1.857832   2799.661408
1.858582   2825.956781
1.859332   2823.982510
1.860082   2825.095093
1.860832   2831.200403
1.861582   2836.432769
1.862332   2845.443031
1.863082   2841.216076
1.863832   2832.572888
1.864582   2819.247070
1.865332   2795.105395
1.866082   2829.533872
1.866832   2845.388798
1.867582   2866.081054
1.868332   2888.962343
1.869082   2876.339684
1.869832   2822.205352
1.870582   2861.871132
1.871332   2880.698628
1.872082   2879.686446
1.872832   2889.643766
1.873582   2880.378253
1.874332   2978.509186
1.875082   3003.058761
1.875832   2989.981811
1.876582   2980.830638
1.877332   2960.325881
1.878082   2961.148563
1.878832   2984.729254
1.879582   2982.007500
1.880332   3011.350818
1.881082   3001.627271
1.881832   2997.746945
1.882582   2960.265689
1.883332   2979.135545
1.884082   2937.687074
1.884832   2950.431605
1.885582   2965.819195
1.886332   2960.289259
1.887082   2964.885828
1.887832   2945.293008
1.888582   2929.922628
1.889332   2922.070725
1.890082   2931.194404
1.890832   2932.158930
1.891582   2931.301606
1.892332   2939.348711
1.893082   2929.239990
1.893832   2899.620580
1.894582   2882.473607
1.895332   2886.668835
1.896082   2871.809472
1.896832   2869.093077
1.897582   2867.065045
1.898332   2853.457138
1.899082   2840.292578
1.899832   2813.293792
1.900582   2785.590786
1.901332   2770.392642
1.902082   2751.196195
1.902832   2712.545707
1.903582   2578.682575
1.904332   2297.341504
1.905082   1806.706707
1.905832   1687.452207
1.906582   1623.340951
1.907332   1600.326424
1.908082   1618.447797
1.908832   1554.385649
1.909582   1525.874543
1.910332   1444.853881
1.911082   1370.958015
1.911832   1353.535639
1.912582   nan
1.913332   nan
1.914082   nan
1.914832   nan
1.915582   nan
1.916332   nan
1.917082   nan
1.917832   nan
1.918582   nan
1.919332   nan
1.920082   nan
1.920832   nan
1.921582   nan
1.922332   nan
1.923082   nan
1.923832   nan
1.924582   nan
1.925332   nan
1.926082   nan
1.926832   nan
1.927582   nan
1.928332   nan
1.929082   nan
1.929832   nan
1.930582   nan
1.931332   nan
1.932082   nan
1.932832   nan
1.933582   nan
1.934332   nan
1.935082   nan
1.935832   nan
1.936582   nan
1.937332   nan
1.938082   nan
1.938832   nan
1.939582   nan
1.940332   nan
1.941082   nan
1.941832   nan
1.942582   nan
1.943332   nan
1.944082   nan
1.944832   nan
1.945582   nan
1.946332   nan
1.947082   nan
1.947832   nan
1.948582   nan
1.949332   nan
1.950082   nan
1.950832   nan
1.951582   nan
1.952332   nan
1.953082   nan
1.953832   nan
1.954582   nan
1.955332   nan
1.956082   nan
1.956832   nan
1.957582   nan
1.958332   nan
1.959082   nan
1.959832   nan
1.960582   nan
1.961332   nan
1.962082   nan
1.962832   nan
1.963582   nan
1.964332   nan
1.965082   nan
1.965832   nan
1.966582   nan
1.967332   nan
1.968082   nan
1.968832   nan
1.969582   nan
1.970332   nan
1.971082   nan
1.971832   nan
1.972582   nan
1.973332   nan
1.974082   nan
1.974832   nan
1.975582   nan
1.976332   nan
1.977082   nan
1.977832   nan
1.978582   nan
1.979332   nan
1.980082   nan
1.980832   nan
1.981582   nan
1.982332   nan
1.983082   nan
1.983832   nan
1.984582   nan
1.985332   nan
1.986082   nan
1.986832   nan
1.987582   nan
1.988332   nan
1.989082   nan
1.989832   nan
1.990582   nan
1.991332   nan
1.992082   nan
1.992832   nan
1.993582   nan
1.994332   nan
1.995082   1153.005909
1.995832   1175.370647
1.996582   1227.779507
1.997332   1301.678844
1.998082   1339.281448
1.998832   1370.711898
1.999582   1386.857630
2.000332   1407.834216
2.001082   1466.064648
2.001832   1511.818302
2.002582   1540.057317
2.003332   1590.867423
2.004082   1607.523745
2.004832   1611.844994
2.005582   1664.345428
2.006332   1833.423592
2.007082   2006.955469
2.007832   1861.788632
2.008582   1991.081887
2.009332   2061.788655
2.010082   2037.376676
2.010832   1967.778704
2.011582   2058.431972
2.012332   2014.602224
2.013082   2100.486544
2.013832   2023.959405
2.014582   2054.862219
2.015332   2047.101460
2.016082   2061.293888
2.016832   2110.267546
2.017582   2134.496041
2.018332   2225.552387
2.019082   2462.076906
2.019832   2609.958302
2.020582   2717.027483
2.021332   2764.867095
2.022082   2757.899515
2.022832   2764.913389
2.023582   2788.157832
2.024332   2809.361821
2.025082   2811.037957
2.025832   2806.604633
2.026582   2825.855565
2.027332   2807.350281
2.028082   2815.525167
2.028832   2813.153181
2.029582   2807.005183
2.030332   2814.047396
2.031082   2815.238119
2.031832   2811.013564
2.032582   2853.830473
2.033332   2834.882678
2.034082   2848.998379
2.034832   2874.441411
2.035582   2844.053926
2.036332   2874.912330
2.037082   2871.919644
2.037832   2861.435255
2.038582   2918.149964
2.039332   2904.089941
2.040082   2924.569474
2.040832   3002.520540
2.041582   3008.010415
2.042332   3017.140283
2.043082   2991.959770
2.043832   2991.329141
2.044582   2985.683749
2.045332   3061.955680
2.046082   3129.285954
2.046832   3102.845844
2.047582   3032.370505
2.048332   3052.016169
2.049082   3102.961037
2.049832   3135.151881
2.050582   3124.055485
2.051332   3078.409617
2.052082   3087.319686
2.052832   3128.353036
2.053582   3110.509655
2.054332   3086.424367
2.055082   3108.023848
2.055832   3114.710454
2.056582   3053.323899
2.057332   2999.514265
2.058082   2950.130132
2.058832   2902.855014
2.059582   2887.770302
2.060332   2893.892686
2.061082   2893.751588
2.061832   2851.156601
2.062582   2819.822199
2.063332   2799.789365
2.064082   2789.719058
2.064832   2764.465231
2.065582   2706.910865
2.066332   2583.474493
2.067082   2407.479597
2.067832   2081.119379
2.068582   2283.275619
2.069332   1597.878827
2.070082   1651.743418
2.070832   1579.374097
2.071582   1533.360279
2.072332   1504.423566
2.073082   1503.792011
2.073832   1416.916500
2.074582   1357.638685
2.075332   1343.832256
2.076082   1305.633521
2.076832   1254.113493
2.077582   nan
2.078332   nan
2.079082   nan
2.079832   nan
2.080582   nan
2.081332   nan
2.082082   nan
2.082832   nan
2.083582   nan
2.084332   nan
2.085082   nan
2.085832   nan
2.086582   nan
2.087332   nan
2.088082   nan
2.088832   nan
2.089582   nan
2.090332   nan
2.091082   nan
2.091832   nan
2.092582   nan
2.093332   nan
2.094082   nan
2.094832   nan
2.095582   nan
2.096332   nan
2.097082   nan
2.097832   nan
2.098582   nan
2.099332   nan
2.100082   nan
2.100832   nan
2.101582   nan
2.102332   nan
2.103082   nan
2.103832   nan
2.104582   nan
2.105332   nan
2.106082   nan
2.106832   nan
2.107582   nan
2.108332   nan
2.109082   nan
2.109832   nan
2.110582   nan
2.111332   nan
2.112082   nan
2.112832   nan
2.113582   nan
2.114332   nan
2.115082   nan
2.115832   nan
2.116582   nan
2.117332   nan
2.118082   nan
2.118832   nan
2.119582   nan
2.120332   nan
2.121082   nan
2.121832   nan
2.122582   nan
2.123332   nan
2.124082   nan
2.124832   nan
2.125582   nan
2.126332   nan
2.127082   nan
2.127832   nan
2.128582   nan
2.129332   nan
2.130082   nan
2.130832   nan
2.131582   nan
2.132332   nan
2.133082   nan
2.133832   nan
2.134582   nan
2.135332   nan
2.136082   nan
2.136832   nan
2.137582   nan
2.138332   nan
2.139082   nan
2.139832   nan
2.140582   nan
2.141332   nan
2.142082   nan
2.142832   nan
2.143582   nan
2.144332   nan
2.145082   nan
2.145832   nan
2.146582   nan
2.147332   nan
2.148082   nan
2.148832   nan
2.149582   nan
2.150332   nan
2.151082   nan
2.151832   nan
2.152582   nan
2.153332   nan
2.154082   nan
2.154832   nan
2.155582   nan
2.156332   nan
2.157082   nan
2.157832   1136.829580
2.158582   1158.578993
2.159332   1183.642127
2.160082   1252.288316
2.160832   1297.444855
2.161582   1336.604913
2.162332   1356.231771
2.163082   1378.874769
2.163832   1398.082889
2.164582   1428.285478
2.165332   1458.593279
2.166082   1558.790151
2.166832   1541.286198
2.167582   1583.469218
2.168332   1627.658751
2.169082   1637.304454
2.169832   1721.170500
2.170582   1968.418001
2.171332   1943.834314
2.172082   1967.128687
2.172832   2072.925042
2.173582   2022.530457
2.174332   2035.475550
2.175082   2144.514693
2.175832   2134.638281
2.176582   2183.272295
2.177332   2230.798744
2.178082   2286.160509
2.178832   2286.903118
2.179582   2367.446083
2.180332   2462.528872
2.181082   2600.452938
2.181832   2732.672972
2.182582   2757.095016
2.183332   2743.898362
2.184082   2772.525144
2.184832   2786.755708
2.185582   2793.683269
2.186332   2795.673302
2.187082   2804.294702
2.187832   2802.051904
2.188582   2797.581960
2.189332   2796.563820
2.190082   2833.469630
2.190832   2818.533398
2.191582   2828.243840
2.192332   2855.002449
2.193082   2826.946085
2.193832   2848.499371
2.194582   2877.082524
2.195332   2902.217986
2.196082   2920.282673
2.196832   2938.942595
2.197582   2905.953698
2.198332   2937.801435
2.199082   2938.259294
2.199832   2955.759266
2.200582   2982.977889
2.201332   3079.945276
2.202082   3056.059344
2.202832   3042.475840
2.203582   3023.771596
2.204332   3049.491979
2.205082   3064.879150
2.205832   3199.975381
2.206582   3168.535619
2.207332   3105.228949
2.208082   3137.069746
2.208832   3212.710170
2.209582   3176.709204
2.210332   3137.500415
2.211082   nan
2.211832   nan
2.212582   nan
2.213332   nan
2.214082   nan
2.214832   nan
2.215582   nan
2.216332   3148.346247
2.217082   2818.749288
2.217832   2843.178033
2.218582   2759.355185
2.219332   2750.946852
2.220082   2740.252382
2.220832   2739.958476
2.221582   2646.539256
2.222332   2515.548638
2.223082   2260.887195
2.223832   1609.855138
2.224582   1597.351095
2.225332   1536.346526
2.226082   1493.153952
2.226832   1448.818820
2.227582   1418.028615
2.228332   1365.686278
2.229082   1339.007086
2.229832   1314.725840
2.230582   1273.885518
2.231332   nan
2.232082   nan
2.232832   nan
2.233582   nan
2.234332   nan
2.235082   nan
2.235832   nan
2.236582   nan
2.237332   nan
2.238082   nan
2.238832   nan
2.239582   nan
2.240332   nan
2.241082   nan
2.241832   nan
2.242582   nan
2.243332   nan
2.244082   nan
2.244832   nan
2.245582   nan
2.246332   nan
2.247082   nan
2.247832   nan
2.248582   nan
2.249332   nan
2.250082   nan
2.250832   nan
2.251582   nan
2.252332   nan
2.253082   nan
2.253832   nan
2.254582   nan
2.255332   nan
2.256082   nan
2.256832   nan
2.257582   nan
2.258332   nan
2.259082   nan
2.259832   nan
2.260582   nan
2.261332   nan
2.262082   nan
2.262832   nan
2.263582   nan
2.264332   nan
2.265082   nan
2.265832   nan
2.266582   nan
2.267332   nan
2.268082   nan
2.268832   nan
2.269582   nan
2.270332   nan
2.271082   nan
2.271832   nan
2.272582   nan
2.273332   nan
2.274082   nan
2.274832   nan
2.275582   nan
2.276332   nan
2.277082   nan
2.277832   nan
2.278582   nan
2.279332   nan
2.280082   nan
2.280832   nan
2.281582   nan
2.282332   nan
2.283082   nan
2.283832   nan
2.284582   nan
2.285332   nan
2.286082   nan
2.286832   nan
2.287582   nan
2.288332   nan
2.289082   nan
2.289832   nan
2.290582   nan
2.291332   nan
2.292082   nan
2.292832   nan
2.293582   nan
2.294332   nan
2.295082   nan
2.295832   nan
2.296582   nan
2.297332   nan
2.298082   nan
2.298832   nan
2.299582   nan
2.300332   nan
2.301082   nan
2.301832   nan
2.302582   nan
2.303332   nan
2.304082   nan
2.304832   1093.881634
2.305582   1134.109296
2.306332   1178.970294
2.307082   1221.436026
2.307832   1289.860872
2.308582   1337.016122
2.309332   1366.465062
2.310082   1391.605909
2.310832   1426.898456
2.311582   1504.501184
2.312332   1529.965561
2.313082   1544.094270
2.313832   1574.230228
2.314582   1574.685295
2.315332   1667.215476
2.316082   1848.863048
2.316832   1992.146858
2.317582   1834.857587
2.318332   1944.054783
2.319082   1923.484381
2.319832   2011.921979
2.320582   1982.379537
2.321332   2018.151780
2.322082   2045.452606
2.322832   2038.270717
2.323582   2065.559847
2.324332   2101.067102
2.325082   2156.095903
2.325832   2245.585518
2.326582   2451.507235
2.327332   2625.181835
2.328082   2710.543408
2.328832   2739.283536
2.329582   2737.319438
2.330332   2759.555168
2.331082   2777.743407
2.331832   2801.255480
2.332582   2810.223565
2.333332   2812.343638
2.334082   2821.121570
2.334832   2822.669578
2.335582   2832.135158
2.336332   2854.747535
2.337082   2863.364854
2.337832   2897.011723
2.338582   2915.457680
2.339332   2922.852370
2.340082   2961.119159
2.340832   2986.091068
2.341582   2961.298789
2.342332   2964.689052
2.343082   2974.187687
2.343832   2974.373418
2.344582   3052.059144
2.345332   3049.464516
2.346082   3076.396639
2.346832   3016.915407
2.347582   2977.016017
2.348332   3086.060507
2.349082   3223.685612
2.349832   3162.018239
2.350582   3126.553771
2.351332   3156.095600
2.352082   3281.950777
2.352832   nan
2.353582   nan
2.354332   nan
2.355082   nan
2.355832   nan
2.356582   nan
2.357332   nan
2.358082   nan
2.358832   nan
2.359582   nan
2.360332   nan
2.361082   nan
2.361832   nan
2.362582   nan
2.363332   nan
2.364082   nan
2.364832   nan
2.365582   nan
2.366332   nan
2.367082   nan
2.367832   nan
2.368582   nan
2.369332   nan
2.370082   nan
2.370832   nan
2.371582   nan
2.372332   nan
2.373082   nan
2.373832   nan
2.374582   nan
2.375332   nan
2.376082   nan
2.376832   nan
2.377582   nan
2.378332   nan
2.379082   nan
2.379832   nan
2.380582   nan
2.381332   nan
2.382082   nan
2.382832   nan
2.383582   nan
2.384332   nan
2.385082   nan
2.385832   nan
2.386582   nan
2.387332   nan
2.388082   nan
2.388832   nan
2.389582   nan
2.390332   nan
2.391082   nan
2.391832   nan
2.392582   nan
2.393332   nan
2.394082   nan
2.394832   nan
2.395582   nan
2.396332   nan
2.397082   nan
2.397832   nan
2.398582   nan
2.399332   nan
2.400082   nan
2.400832   nan
2.401582   nan
2.402332   nan
2.403082   nan
2.403832   nan
2.404582   nan
2.405332   nan
2.406082   nan
2.406832   nan
2.407582   nan
2.408332   nan
2.409082   nan
2.409832   nan
2.410582   nan
2.411332   nan
2.412082   nan
2.412832   nan
2.413582   nan
2.414332   nan
2.415082   nan
2.415832   nan
2.416582   nan
2.417332   nan
2.418082   nan
2.418832   nan
2.419582   nan
2.420332   nan
2.421082   nan
2.421832   nan
2.422582   nan
2.423332   nan
2.424082   nan
2.424832   nan
2.425582   nan
2.426332   nan
2.427082   nan
2.427832   nan
2.428582   nan
2.429332   nan
2.430082   nan
2.430832   nan
2.431582   nan
2.432332   nan
2.433082   nan
2.433832   nan
2.434582   nan
2.435332   nan
2.436082   nan
2.436832   nan
2.437582   nan
2.438332   nan
2.439082   nan
2.439832   nan
2.440582   nan
2.441332   nan
2.442082   nan
2.442832   1066.208049
2.443582   1122.224610
2.444332   1159.333933
2.445082   1193.623735
2.445832   1266.378100
2.446582   1322.880199
2.447332   1351.499529
2.448082   1365.464153
2.448832   1395.944981
2.449582   1452.133163
2.450332   1515.660017
2.451082   1501.818725
2.451832   1562.381053
2.452582   1593.716944
2.453332   1624.951098
2.454082   1687.424116
2.454832   1889.999981
2.455582   1940.916144
2.456332   1886.322618
2.457082   2063.040018
2.457832   2041.670697
2.458582   2094.533436
2.459332   2133.414463
2.460082   2152.835263
2.460832   2215.730144
2.461582   2219.199023
2.462332   2329.013898
2.463082   2406.718620
2.463832   2471.881086
2.464582   2558.007029
2.465332   2655.200562
2.466082   2665.579265
2.466832   2694.445494
2.467582   2696.342271
2.468332   2721.008507
2.469082   2757.857931
2.469832   2770.783933
2.470582   2786.307004
2.471332   2823.347036
2.472082   2852.315047
2.472832   2848.321538
2.473582   2875.305983
2.474332   2966.511576
2.475082   2984.227331
2.475832   2994.644373
2.476582   2963.206647
2.477332   2989.656600
2.478082   3021.662581
2.478832   3011.049185
2.479582   3047.624475
2.480332   3058.168942
2.481082   3051.311359
2.481832   3062.743532
2.482582   3045.425148
2.483332   3101.487509
2.484082   3093.694948
2.484832   3171.277332
2.485582   3171.459538
2.486332   3140.675896
2.487082   3179.804416
2.487832   3091.776048
2.488582   3196.959506
2.489332   3240.996861
2.490082   2854.904768
2.490832   2812.072513
2.491582   2734.971970
2.492332   2727.977919
2.493082   2762.204596
2.493832   2767.718018
2.494582   2713.259792
2.495332   2601.722427
2.496082   2497.269750
2.496832   1470.810683
2.497582   1548.832040
2.498332   1613.531948
2.499082   1600.394158
2.499832   1520.549973
2.500582   1522.219277
2.501332   1470.600281
2.502082   1421.747976
2.502832   1400.978996
2.503582   1359.793832
2.504332   1327.162877
2.505082   1274.448193
2.505832   nan
2.506582   nan
2.507332   nan
2.508082   nan
2.508832   nan
2.509582   nan
2.510332   nan
2.511082   nan
2.511832   nan
2.512582   nan
2.513332   nan
2.514082   nan
2.514832   nan
2.515582   nan
2.516332   nan
2.517082   nan
2.517832   nan
2.518582   nan
2.519332   nan
2.520082   nan
2.520832   nan
2.521582   nan
2.522332   nan
2.523082   nan
2.523832   nan
2.524582   nan
2.525332   nan
2.526082   nan
2.526832   nan
2.527582   nan
2.528332   nan
2.529082   nan
2.529832   nan
2.530582   nan
2.531332   nan
2.532082   nan
2.532832   nan
2.533582   nan
2.534332   nan
2.535082   nan
2.535832   nan
2.536582   nan
2.537332   nan
2.538082   nan
2.538832   nan
2.539582   nan
2.540332   nan
2.541082   nan
2.541832   nan
2.542582   nan
2.543332   nan
2.544082   nan
2.544832   nan
2.545582   nan
2.546332   nan
2.547082   nan
2.547832   nan
2.548582   nan
2.549332   nan
2.550082   nan
2.550832   nan
2.551582   nan
2.552332   nan
2.553082   nan
2.553832   nan
2.554582   nan
2.555332   nan
2.556082   nan
2.556832   nan
2.557582   nan
2.558332   nan
2.559082   nan
2.559832   nan
2.560582   nan
2.561332   nan
2.562082   nan
2.562832   nan
2.563582   nan
2.564332   nan
2.565082   nan
2.565832   nan
2.566582   nan
2.567332   nan
2.568082   nan
2.568832   nan
2.569582   nan
2.570332   nan
2.571082   nan
2.571832   nan
2.572582   nan
2.573332   nan
2.574082   1124.905992
2.574832   1169.973276
2.575582   1214.119840
2.576332   1267.422644
2.577082   1324.281908
2.577832   1354.378023
2.578582   1365.962543
2.579332   1409.840434
2.580082   1496.823792
2.580832   1518.178318
2.581582   1567.601331
2.582332   1584.702599
2.583082   1629.269838
2.583832   1741.623350
2.584582   1972.126054
2.585332   1899.268318
2.586082   1964.753606
2.586832   2007.715781
2.587582   2024.136129
2.588332   2216.024833
2.589082   2210.739256
2.589832   2201.530603
2.590582   2264.742781
2.591332   2400.296575
2.592082   2504.917998
2.592832   2608.413265
2.593582   2679.915361
2.594332   2698.990178
2.595082   2699.931732
2.595832   2696.724726
2.596582   2744.501243
2.597332   2764.429994
2.598082   2786.349110
2.598832   2810.120971
2.599582   2825.626085
2.600332   2818.495320
2.601082   2833.490852
2.601832   2877.477010
2.602582   2909.458533
2.603332   2924.272702
2.604082   2974.789354
2.604832   2980.228767
2.605582   3032.809796
2.606332   2991.290538
2.607082   3085.536898
2.607832   3078.938232
2.608582   3046.230416
2.609332   3125.354368
2.610082   3081.585435
2.610832   3030.418302
2.611582   3101.206470
2.612332   3117.346487
2.613082   3216.686322
2.613832   3097.198038
2.614582   3060.168074
2.615332   nan
2.616082   nan
2.616832   nan
2.617582   nan
2.618332   2738.763412
2.619082   2752.638470
2.619832   2711.255784
2.620582   2661.784968
2.621332   2692.048631
2.622082   2655.093797
2.622832   2593.557682
2.623582   2577.088174
2.624332   1567.940528
2.625082   1580.789110
2.625832   1609.783462
2.626582   1549.613705
2.627332   1509.803128
2.628082   1510.311390
2.628832   1449.714525
2.629582   1394.250522
2.630332   1359.857340
2.631082   1327.666541
2.631832   1278.518056
2.632582   nan
2.633332   nan
2.634082   nan
2.634832   nan
2.635582   nan
2.636332   nan
2.637082   nan
2.637832   nan
2.638582   nan
2.639332   nan
2.640082   nan
2.640832   nan
2.641582   nan
2.642332   nan
2.643082   nan
2.643832   nan
2.644582   nan
2.645332   nan
2.646082   nan
2.646832   nan
2.647582   nan
2.648332   nan
2.649082   nan
2.649832   nan
2.650582   nan
2.651332   nan
2.652082   nan
2.652832   nan
2.653582   nan
2.654332   nan
2.655082   nan
2.655832   nan
2.656582   nan
2.657332   nan
2.658082   nan
2.658832   nan
2.659582   nan
2.660332   nan
2.661082   nan
2.661832   nan
2.662582   nan
2.663332   nan
2.664082   nan
2.664832   nan
2.665582   nan
2.666332   nan
2.667082   nan
2.667832   nan
2.668582   nan
2.669332   nan
2.670082   nan
2.670832   nan
2.671582   nan
2.672332   nan
2.673082   nan
2.673832   nan
2.674582   nan
2.675332   nan
2.676082   nan
2.676832   nan
2.677582   nan
2.678332   nan
2.679082   nan
2.679832   nan
2.680582   nan
2.681332   nan
2.682082   nan
2.682832   nan
2.683582   nan
2.684332   nan
2.685082   nan
2.685832   nan
2.686582   nan
2.687332   nan
2.688082   nan
2.688832   nan
2.689582   nan
2.690332   nan
2.691082   nan
2.691832   nan
2.692582   nan
2.693332   nan
2.694082   nan
2.694832   nan
2.695582   nan
2.696332   nan
2.697082   nan
2.697832   nan
2.698582   1108.866526
2.699332   1161.003729
2.700082   1187.384596
2.700832   1263.378017
2.701582   1311.199360
2.702332   1357.195853
2.703082   1368.952833
2.703832   1381.086824
2.704582   1459.065412
2.705332   1540.373604
2.706082   1530.444973
2.706832   1578.866647
2.707582   1608.271568
2.708332   1694.661089
2.709082   1891.925492
2.709832   1981.000704
2.710582   1892.622695
2.711332   1985.175684
2.712082   1913.991668
2.712832   2067.908695
2.713582   2042.856110
2.714332   2067.881162
2.715082   2137.925836
2.715832   2191.948042
2.716582   2260.001429
2.717332   2395.814509
2.718082   2563.288853
2.718832   2678.138722
2.719582   2721.084371
2.720332   2715.620772
2.721082   2755.140817
2.721832   2792.713994
2.722582   2831.012398
2.723332   2856.039654
2.724082   2923.190344
2.724832   2902.070691
2.725582   2909.142841
2.726332   2946.675097
2.727082   2976.391501
2.727832   2942.164656
2.728582   2943.519552
2.729332   2993.415746
2.730082   2970.716627
2.730832   3021.290508
2.731582   3079.675936
2.732332   3174.919239
2.733082   3194.027679
2.733832   3161.968871
2.734582   nan
2.735332   nan
2.736082   3070.882949
2.736832   3079.212290
2.737582   2835.327426
2.738332   2721.378707
2.739082   2735.372183
2.739832   2713.726585
2.740582   2722.364685
2.741332   2681.059957
2.742082   2696.303231
2.742832   2537.613861
2.743582   2410.115465
2.744332   2203.743872
2.745082   1588.155660
2.745832   1599.554382
2.746582   1615.771559
2.747332   1519.813015
2.748082   1528.101777
2.748832   1489.897548
2.749582   1412.604760
2.750332   1374.756142
2.751082   1370.894235
2.751832   1315.863986
2.752582   nan
2.753332   nan
2.754082   nan
2.754832   nan
2.755582   nan
2.756332   nan
2.757082   nan
2.757832   nan
2.758582   nan
2.759332   nan
2.760082   nan
2.760832   nan
2.761582   nan
2.762332   nan
2.763082   nan
2.763832   nan
2.764582   nan
2.765332   nan
2.766082   nan
2.766832   nan
2.767582   nan
2.768332   nan
2.769082   nan
2.769832   nan
2.770582   nan
2.771332   nan
2.772082   nan
2.772832   nan
2.773582   nan
2.774332   nan
2.775082   nan
2.775832   nan
2.776582   nan
2.777332   nan
2.778082   nan
2.778832   nan
2.779582   nan
2.780332   nan
2.781082   nan
2.781832   nan
2.782582   nan
2.783332   nan
2.784082   nan
2.784832   nan
2.785582   nan
2.786332   nan
2.787082   nan
2.787832   nan
2.788582   nan
2.789332   nan
2.790082   nan
2.790832   nan
2.791582   nan
2.792332   nan
2.793082   nan
2.793832   nan
2.794582   nan
2.795332   nan
2.796082   nan
2.796832   nan
2.797582   nan
2.798332   nan
2.799082   nan
2.799832   nan
2.800582   nan
2.801332   nan
2.802082   nan
2.802832   nan
2.803582   nan
2.804332   nan
2.805082   nan
2.805832   nan
2.806582   nan
2.807332   nan
2.808082   nan
2.808832   nan
2.809582   nan
2.810332   nan
2.811082   nan
2.811832   nan
2.812582   nan
2.813332   nan
2.814082   nan
2.814832   nan
2.815582   nan
2.816332   1091.781939
2.817082   1141.962703
2.817832   1179.206901
2.818582   1242.974769
2.819332   1302.092012
2.820082   1331.123297
2.820832   1371.709060
2.821582   1414.083120
2.822332   1475.199227
2.823082   1554.729245
2.823832   1595.865360
2.824582   1617.444591
2.825332   1632.352723
2.826082   1769.240295
2.826832   1977.477272
2.827582   1859.093234
2.828332   2033.788090
2.829082   2092.192531
2.829832   2089.468878
2.830582   2193.007954
2.831332   2232.884376
2.832082   2315.125177
2.832832   2446.011550
2.833582   2548.634008
2.834332   2651.165165
2.835082   2673.887736
2.835832   2700.907012
2.836582   2713.018859
2.837332   2747.879962
2.838082   2805.200525
2.838832   2818.204575
2.839582   2831.212498
2.840332   2859.231443
2.841082   2864.836107
2.841832   2883.184192
2.842582   2915.775237
2.843332   2921.319052
2.844082   2934.496541
2.844832   2958.975579
2.845582   2980.050310
2.846332   3056.920798
2.847082   3159.872395
2.847832   3272.563129
2.848582   nan
2.849332   nan
2.850082   nan
2.850832   nan
2.851582   nan
2.852332   nan
2.853082   nan
2.853832   2687.726019
2.854582   2671.869990
2.855332   2730.911527
2.856082   2708.768925
2.856832   2701.609639
2.857582   2686.845034
2.858332   2677.173776
2.859082   2512.477235
2.859832   2420.224524
2.860582   2430.263285
2.861332   2382.648778
2.862082   1810.273302
2.862832   1650.363449
2.863582   1647.100050
2.864332   1573.553186
2.865082   1565.589215
2.865832   1532.259787
2.866582   1533.026329
2.867332   1451.022474
2.868082   1398.552228
2.868832   1323.566689
2.869582   nan
2.870332   nan
2.871082   nan
2.871832   nan
2.872582   nan
2.873332   nan
2.874082   nan
2.874832   nan
2.875582   nan
2.876332   nan
2.877082   nan
2.877832   nan
2.878582   nan
2.879332   nan
2.880082   nan
2.880832   nan
2.881582   nan
2.882332   nan
2.883082   nan
2.883832   nan
2.884582   nan
2.885332   nan
2.886082   nan
2.886832   nan
2.887582   nan
2.888332   nan
2.889082   nan
2.889832   nan
2.890582   nan
2.891332   nan
2.892082   nan
2.892832   nan
2.893582   nan
2.894332   nan
2.895082   nan
2.895832   nan
2.896582   nan
2.897332   nan
2.898082   nan
2.898832   nan
2.899582   nan
2.900332   nan
2.901082   nan
2.901832   nan
2.902582   nan
2.903332   nan
2.904082   nan
2.904832   nan
2.905582   nan
2.906332   nan
2.907082   nan
2.907832   nan
2.908582   nan
2.909332   nan
2.910082   nan
2.910832   nan
2.911582   nan
2.912332   nan
2.913082   nan
2.913832   nan
2.914582   nan
2.915332   nan
2.916082   nan
2.916832   nan
2.917582   nan
2.918332   nan
2.919082   nan
2.919832   nan
2.920582   nan
2.921332   nan
2.922082   nan
2.922832   nan
2.923582   nan
2.924332   nan
2.925082   nan
2.925832   nan
2.926582   nan
2.927332   nan
2.928082   nan
2.928832   nan
2.929582   nan
2.930332   nan
2.931082   nan
2.931832   nan
2.932582   1138.118026
2.933332   1156.407028
2.934082   1205.847961
2.934832   1275.878206
2.935582   1318.522863
2.936332   1347.095870
2.937082   1371.409844
2.937832   1412.564297
2.938582   1511.287369
2.939332   1560.513648
2.940082   1597.112032
2.940832   1625.511199
2.941582   1697.125761
2.942332   1798.204977
2.943082   1963.110375
2.943832   1909.375400
2.944582   1978.940689
2.945332   2028.921945
2.946082   2051.701900
2.946832   2122.785037
2.947582   2203.322855
2.948332   2283.265938
2.949082   2331.549555
2.949832   2497.096038
2.950582   2622.410053
2.951332   2767.626174
2.952082   2747.992104
2.952832   2777.570978
2.953582   2837.400396
2.954332   2856.266815
2.955082   2845.934121
2.955832   2866.761370
2.956582   2914.420523
2.957332   2998.520568
2.958082   2979.827674
2.958832   2970.904309
2.959582   3095.450269
2.960332   3100.859963
2.961082   3194.161129
2.961832   3242.454313
2.962582   3235.277288
2.963332   nan
2.964082   nan
2.964832   nan
2.965582   2978.503590
2.966332   2737.599090
2.967082   2755.128965
2.967832   2696.855948
2.968582   2742.157354
2.969332   2647.407536
2.970082   2694.577311
2.970832   2629.987637
2.971582   2516.486546
2.972332   2437.328394
2.973082   2322.400186
2.973832   2262.208300
2.974582   2147.072042
2.975332   2155.624116
2.976082   2080.265593
2.976832   2137.864836
2.977582   2132.406557
2.978332   2119.610280
2.979082   2048.640401
2.979832   1995.518311
2.980582   1800.565200
2.981332   1679.039547
2.982082   1522.047471
2.982832   1454.829639
2.983582   nan
2.984332   nan
2.985082   nan
2.985832   nan
2.986582   nan
2.987332   nan
2.988082   nan
2.988832   nan
2.989582   nan
2.990332   nan
2.991082   nan
2.991832   nan
2.992582   nan
2.993332   nan
2.994082   nan
2.994832   nan
2.995582   nan
2.996332   nan
2.997082   nan
2.997832   nan
2.998582   nan
2.999332   nan
3.000082   nan
3.000832   nan
3.001582   nan
3.002332   nan
3.003082   nan
3.003832   nan
3.004582   nan
3.005332   nan
3.006082   nan
3.006832   nan
3.007582   nan
3.008332   nan
3.009082   nan
3.009832   nan
3.010582   nan
3.011332   nan
3.012082   nan
3.012832   nan
3.013582   nan
3.014332   nan
3.015082   nan
3.015832   nan
3.016582   nan
3.017332   nan
3.018082   nan
3.018832   nan
3.019582   nan
3.020332   nan
3.021082   nan
3.021832   nan
3.022582   nan
3.023332   nan
3.024082   nan
3.024832   nan
3.025582   nan
3.026332   nan
3.027082   nan
3.027832   nan
3.028582   nan
3.029332   nan
3.030082   nan
3.030832   nan
3.031582   nan
3.032332   nan
3.033082   nan
3.033832   nan
3.034582   nan
3.035332   nan
3.036082   nan
3.036832   nan
3.037582   nan
3.038332   nan
3.039082   nan
3.039832   nan
3.040582   nan
3.041332   nan
3.042082   nan
3.042832   nan
3.043582   nan
3.044332   nan
3.045082   1083.715563
3.045832   1137.702837
3.046582   1198.894900
3.047332   1253.868601
3.048082   1311.581765
3.048832   1376.185356
3.049582   1427.466190
3.050332   1568.798613
3.051082   1581.254078
3.051832   1618.895638
3.052582   1672.518407
3.053332   1849.156119
3.054082   2019.780805
3.054832   1976.990243
3.055582   2067.448354
3.056332   2227.529798
3.057082   2389.600103
3.057832   2575.149088
3.058582   2734.691926
3.059332   2750.528660
3.060082   2750.587628
3.060832   2812.406338
3.061582   2825.788656
3.062332   2834.256043
3.063082   2860.768269
3.063832   2854.214103
3.064582   2868.217537
3.065332   2887.107681
3.066082   2943.535591
3.066832   nan
3.067582   nan
3.068332   nan
3.069082   nan
3.069832   nan
3.070582   nan
3.071332   nan
3.072082   nan
3.072832   nan
3.073582   2751.790777
3.074332   2732.038094
3.075082   2692.628529
3.075832   2731.268562
3.076582   2620.879435
3.077332   2699.658938
3.078082   2602.824096
3.078832   2614.334941
3.079582   2764.526638
3.080332   2767.575860
3.081082   2818.523056
3.081832   2844.185783
3.082582   2882.614385
3.083332   2879.616326
3.084082   2867.071084
3.084832   2879.508937
3.085582   2847.570644
3.086332   2830.598762
3.087082   2806.470080
3.087832   2764.591170
3.088582   2731.137503
3.089332   2606.260089
3.090082   2532.080726
3.090832   nan
3.091582   nan
3.092332   nan
3.093082   nan
3.093832   nan
3.094582   nan
3.095332   nan
3.096082   nan
3.096832   nan
3.097582   nan
3.098332   nan
3.099082   nan
3.099832   nan
3.100582   nan
3.101332   nan
3.102082   nan
3.102832   nan
3.103582   nan
3.104332   nan
3.105082   nan
3.105832   nan
3.106582   nan
3.107332   nan
3.108082   nan
3.108832   nan
3.109582   nan
3.110332   nan
3.111082   nan
3.111832   nan
3.112582   nan
3.113332   nan
3.114082   nan
3.114832   nan
3.115582   nan
3.116332   nan
3.117082   nan
3.117832   nan
3.118582   nan
3.119332   nan
3.120082   nan
3.120832   nan
3.121582   nan
3.122332   nan
3.123082   nan
3.123832   nan
3.124582   nan
3.125332   nan
3.126082   nan
3.126832   nan
3.127582   nan
3.128332   nan
3.129082   nan
3.129832   nan
3.130582   nan
3.131332   nan
3.132082   nan
3.132832   nan
3.133582   nan
3.134332   nan
3.135082   nan
3.135832   nan
3.136582   nan
3.137332   nan
3.138082   nan
3.138832   nan
3.139582   nan
3.140332   nan
3.141082   nan
3.141832   nan
3.142582   nan
3.143332   nan
3.144082   nan
3.144832   nan
3.145582   nan
3.146332   nan
3.147082   nan
3.147832   nan
3.148582   nan
3.149332   nan
3.150082   nan
3.150832   nan
3.151582   nan
3.152332   nan
3.153082   1090.218569
3.153832   1152.521704
3.154582   1208.173590
3.155332   1274.492545
3.156082   1336.778170
3.156832   1377.693458
3.157582   1438.485955
3.158332   1513.187349
3.159082   1605.401968
3.159832   1634.447498
3.160582   1697.850409
3.161332   1811.634074
3.162082   1998.352892
3.162832   2001.021865
3.163582   2105.399695
3.164332   2306.810497
3.165082   2501.102065
3.165832   2682.286814
3.166582   2745.490595
3.167332   2752.776061
3.168082   2768.837388
3.168832   2809.667260
3.169582   2837.857066
3.170332   2835.886101
3.171082   2834.553107
3.171832   2855.610480
3.172582   2898.396133
3.173332   2994.634765
3.174082   3076.987205
3.174832   nan
3.175582   nan
3.176332   nan
3.177082   nan
3.177832   nan
3.178582   nan
3.179332   nan
3.180082   2658.548603
3.180832   2595.508149
3.181582   2694.948952
3.182332   2579.454825
3.183082   2675.935858
3.183832   2678.957223
3.184582   2691.403933
3.185332   2704.268675
3.186082   2728.039913
3.186832   2783.432162
3.187582   2820.942471
3.188332   2867.108406
3.189082   2898.331051
3.189832   2878.826458
3.190582   2923.482164
3.191332   2903.758894
3.192082   2875.405010
3.192832   2852.579942
3.193582   2827.162598
3.194332   2791.381163
3.195082   2741.207543
3.195832   2643.185858
3.196582   2562.565915
3.197332   nan
3.198082   nan
3.198832   nan
3.199582   nan
3.200332   nan
3.201082   nan
3.201832   nan
3.202582   nan
3.203332   nan
3.204082   nan
3.204832   nan
3.205582   nan
3.206332   nan
3.207082   nan
3.207832   nan
3.208582   nan
3.209332   nan
3.210082   nan
3.210832   nan
3.211582   nan
3.212332   nan
3.213082   nan
3.213832   nan
3.214582   nan
3.215332   nan
3.216082   nan
3.216832   nan
3.217582   nan
3.218332   nan
3.219082   nan
3.219832   nan
3.220582   nan
3.221332   nan
3.222082   nan
3.222832   nan
3.223582   nan
3.224332   nan
3.225082   nan
3.225832   nan
3.226582   nan
3.227332   nan
3.228082   nan
3.228832   nan
3.229582   nan
3.230332   nan
3.231082   nan
3.231832   nan
3.232582   nan
3.233332   nan
3.234082   nan
3.234832   nan
3.235582   nan
3.236332   nan
3.237082   nan
3.237832   nan
3.238582   nan
3.239332   nan
3.240082   nan
3.240832   nan
3.241582   nan
3.242332   nan
3.243082   nan
3.243832   nan
3.244582   nan
3.245332   nan
3.246082   nan
3.246832   nan
3.247582   nan
3.248332   nan
3.249082   nan
3.249832   nan
3.250582   nan
3.251332   nan
3.252082   nan
3.252832   nan
3.253582   nan
3.254332   nan
3.255082   nan
3.255832   nan
3.256582   nan
3.257332   nan
3.258082   1117.642308
3.258832   1190.526698
3.259582   1254.273158
3.260332   1307.360034
3.261082   1355.766281
3.261832   1425.660938
3.262582   1558.442330
3.263332   1580.252178
3.264082   1643.191812
3.264832   1741.168191
3.265582   2128.827355
3.266332   2248.770093
3.267082   2393.849741
3.267832   2638.064588
3.268582   2743.048372
3.269332   2762.654478
3.270082   2766.189920
3.270832   2793.888167
3.271582   2824.598290
3.272332   2830.155363
3.273082   2836.536451
3.273832   2848.782849
3.274582   nan
3.275332   nan
3.276082   nan
3.276832   nan
3.277582   nan
3.278332   nan
3.279082   nan
3.279832   nan
3.280582   nan
3.281332   2728.137867
3.282082   2729.178260
3.282832   2740.936096
3.283582   2731.796520
3.284332   2735.833150
3.285082   2724.763778
3.285832   2724.782514
3.286582   2688.682146
3.287332   2743.545393
3.288082   2742.128631
3.288832   2793.752196
3.289582   2825.765698
3.290332   2864.274147
3.291082   2890.206485
3.291832   2898.610067
3.292582   2910.681215
3.293332   2896.881330
3.294082   2886.217847
3.294832   2847.540877
3.295582   2835.809180
3.296332   2824.430017
3.297082   2790.540934
3.297832   2709.051867
3.298582   2566.384203
3.299332   nan
3.300082   nan
3.300832   nan
3.301582   nan
3.302332   nan
3.303082   nan
3.303832   nan
3.304582   nan
3.305332   nan
3.306082   nan
3.306832   nan
3.307582   nan
3.308332   nan
3.309082   nan
3.309832   nan
3.310582   nan
3.311332   nan
3.312082   nan
3.312832   nan
3.313582   nan
3.314332   nan
3.315082   nan
3.315832   nan
3.316582   nan
3.317332   nan
3.318082   nan
3.318832   nan
3.319582   nan
3.320332   nan
3.321082   nan
3.321832   nan
3.322582   nan
3.323332   nan
3.324082   nan
3.324832   nan
3.325582   nan
3.326332   nan
3.327082   nan
3.327832   nan
3.328582   nan
3.329332   nan
3.330082   nan
3.330832   nan
3.331582   nan
3.332332   nan
3.333082   nan
3.333832   nan
3.334582   nan
3.335332   nan
3.336082   nan
3.336832   nan
3.337582   nan
3.338332   nan
3.339082   nan
3.339832   nan
3.340582   nan
3.341332   nan
3.342082   nan
3.342832   nan
3.343582   nan
3.344332   nan
3.345082   nan
3.345832   nan
3.346582   nan
3.347332   nan
3.348082   nan
3.348832   nan
3.349582   nan
3.350332   nan
3.351082   nan
3.351832   nan
3.352582   nan
3.353332   nan
3.354082   nan
3.354832   nan
3.355582   nan
3.356332   nan
3.357082   nan
3.357832   nan
3.358582   nan
3.359332   nan
3.360082   nan
