Time_s,F0_Hz
0.830276,NaN
0.831526,NaN
0.832776,NaN
0.834026,NaN
0.835276,NaN
0.836526,NaN
0.837776,NaN
0.839026,NaN
0.840276,NaN
0.841526,NaN
0.842776,NaN
0.844026,NaN
0.845276,NaN
0.846526,NaN
0.847776,NaN
0.849026,NaN
0.850276,NaN
0.851526,NaN
0.852776,NaN
0.854026,NaN
0.855276,NaN
0.856526,1933.307097
0.857776,1955.345744
0.859026,1982.711324
0.860276,2024.631011
0.861526,2064.644436
0.862776,2096.305690
0.864026,2136.294021
0.865276,2169.590173
0.866526,2217.024361
0.867776,2273.299956
0.869026,2324.210033
0.870276,2365.315389
0.871526,NaN
0.872776,NaN
0.874026,NaN
0.875276,NaN
0.876526,NaN
0.877776,NaN
0.879026,NaN
0.880276,NaN
0.881526,NaN
0.882776,NaN
0.884026,NaN
0.885276,NaN
0.886526,NaN
0.887776,NaN
0.889026,NaN
0.890276,NaN
0.891526,NaN
0.892776,NaN
0.894026,NaN
0.895276,2412.802895
0.896526,2329.276611
0.897776,2333.144321
0.899026,2351.471113
0.900276,2379.635742
0.901526,2400.533179
0.902776,2402.291913
0.904026,2424.956397
0.905276,2471.572843
0.906526,2533.416159
0.907776,NaN
0.909026,NaN
0.910276,NaN
0.911526,NaN
0.912776,NaN
0.914026,NaN
0.915276,NaN
0.916526,NaN
0.917776,NaN
0.919026,NaN
0.920276,NaN
0.921526,NaN
0.922776,2293.828991
0.924026,2255.500275
0.925276,2249.931201
0.926526,2275.277359
0.927776,2304.098996
0.929026,2329.008171
0.930276,2370.128460
0.931526,2414.564664
0.932776,2430.919237
0.934026,2499.951952
0.935276,2519.526833
0.936526,2566.224210
0.937776,2576.107911
0.939026,2620.328139
0.940276,2701.278537
0.941526,2590.900570
0.942776,NaN
0.944026,NaN
0.945276,NaN
0.946526,NaN
0.947776,NaN
0.949026,NaN
0.950276,NaN
0.951526,NaN
0.952776,NaN
0.954026,NaN
0.955276,2206.817289
0.956526,2115.914006
0.957776,1918.534204
0.959026,1816.212911
0.960276,1742.129683
0.961526,1679.620373
0.962776,1627.977933
0.964026,1585.662126
0.965276,1501.861999
0.966526,1851.445917
0.967776,1816.409444
0.969026,1806.131771
0.970276,NaN
0.971526,NaN
0.972776,NaN
0.974026,NaN
0.975276,NaN
0.976526,NaN
0.977776,NaN
0.979026,NaN
0.980276,NaN
0.981526,NaN
0.982776,NaN
0.984026,NaN
0.985276,NaN
0.986526,NaN
0.987776,NaN
0.989026,NaN
0.990276,NaN
0.991526,NaN
0.992776,NaN
0.994026,NaN
0.995276,NaN
0.996526,NaN
0.997776,NaN
0.999026,NaN
1.000276,NaN
1.001526,NaN
1.002776,NaN
1.004026,NaN
1.005276,NaN
1.006526,NaN
1.007776,NaN
1.009026,NaN
1.010276,NaN
1.011526,NaN
1.012776,NaN
1.014026,NaN
1.015276,NaN
1.016526,NaN
1.017776,NaN
1.019026,NaN
1.020276,NaN
1.021526,NaN
1.022776,NaN
1.024026,NaN
1.025276,NaN
1.026526,NaN
1.027776,NaN
1.029026,NaN
1.030276,NaN
1.031526,NaN
1.032776,NaN
1.034026,NaN
1.035276,NaN
1.036526,NaN
1.037776,1683.951829
1.039026,1733.188300
1.040276,1800.021817
1.041526,1833.087476
1.042776,1859.450221
1.044026,1904.097887
1.045276,1954.457168
1.046526,2003.848903
1.047776,2058.527335
1.049026,2108.244176
1.050276,2147.422742
1.051526,2185.285110
1.052776,2226.238383
1.054026,2262.058345
1.055276,2292.571070
1.056526,2303.767548
1.057776,2324.622370
1.059026,2352.067891
1.060276,2377.432140
1.061526,2394.004289
1.062776,2444.571857
1.064026,NaN
1.065276,NaN
1.066526,NaN
1.067776,NaN
1.069026,NaN
1.070276,NaN
1.071526,NaN
1.072776,NaN
1.074026,NaN
1.075276,NaN
1.076526,NaN
1.077776,NaN
1.079026,NaN
1.080276,NaN
1.081526,NaN
1.082776,NaN
1.084026,2506.004010
1.085276,2392.151357
1.086526,2381.548017
1.087776,2426.165243
1.089026,2458.622390
1.090276,2495.334892
1.091526,2505.904544
1.092776,2536.357798
1.094026,2550.641708
1.095276,2584.992646
1.096526,NaN
1.097776,NaN
1.099026,NaN
1.100276,NaN
1.101526,NaN
1.102776,NaN
1.104026,NaN
1.105276,NaN
1.106526,NaN
1.107776,NaN
1.109026,NaN
1.110276,NaN
1.111526,NaN
1.112776,2171.888203
1.114026,2157.347008
1.115276,2130.276767
1.116526,2109.190708
1.117776,2062.168803
1.119026,1938.062750
1.120276,1856.719777
1.121526,1788.178459
1.122776,1704.190258
1.124026,1551.710757
1.125276,1853.205542
1.126526,1836.453901
1.127776,NaN
1.129026,NaN
1.130276,NaN
1.131526,NaN
1.132776,NaN
1.134026,NaN
1.135276,NaN
1.136526,NaN
1.137776,NaN
1.139026,NaN
1.140276,NaN
1.141526,NaN
1.142776,NaN
1.144026,NaN
1.145276,NaN
1.146526,NaN
1.147776,NaN
1.149026,NaN
1.150276,NaN
1.151526,NaN
1.152776,NaN
1.154026,NaN
1.155276,NaN
1.156526,NaN
1.157776,NaN
1.159026,NaN
1.160276,NaN
1.161526,NaN
1.162776,NaN
1.164026,NaN
1.165276,NaN
1.166526,NaN
1.167776,NaN
1.169026,NaN
1.170276,NaN
1.171526,NaN
1.172776,NaN
1.174026,NaN
1.175276,NaN
1.176526,NaN
1.177776,NaN
1.179026,NaN
1.180276,NaN
1.181526,NaN
1.182776,NaN
1.184026,NaN
1.185276,NaN
1.186526,NaN
1.187776,NaN
1.189026,NaN
1.190276,NaN
1.191526,NaN
1.192776,NaN
1.194026,NaN
1.195276,NaN
1.196526,NaN
1.197776,NaN
1.199026,1703.567046
1.200276,1758.348137
1.201526,1807.456708
1.202776,1836.657552
1.204026,1867.287548
1.205276,1905.920396
1.206526,1941.352478
1.207776,1973.636630
1.209026,2022.414237
1.210276,2062.082366
1.211526,2103.322158
1.212776,2131.067714
1.214026,2174.891759
1.215276,2214.576533
1.216526,2255.869491
1.217776,2282.253752
1.219026,2305.130563
1.220276,2339.621709
1.221526,2383.861762
1.222776,2409.435103
1.224026,2468.071850
1.225276,2590.609096
1.226526,NaN
1.227776,NaN
1.229026,NaN
1.230276,NaN
1.231526,NaN
1.232776,NaN
1.234026,NaN
1.235276,NaN
1.236526,NaN
1.237776,NaN
1.239026,NaN
1.240276,NaN
1.241526,NaN
1.242776,NaN
1.244026,NaN
1.245276,2251.148284
1.246526,2254.586270
1.247776,2282.406601
1.249026,2324.180008
1.250276,2369.815024
1.251526,2414.252483
1.252776,2430.642385
1.254026,2479.681748
1.255276,2505.585090
1.256526,2545.987739
1.257776,2567.788887
1.259026,2587.931641
1.260276,NaN
1.261526,NaN
1.262776,NaN
1.264026,NaN
1.265276,NaN
1.266526,NaN
1.267776,NaN
1.269026,NaN
1.270276,NaN
1.271526,NaN
1.272776,NaN
1.274026,NaN
1.275276,2222.713477
1.276526,2209.386907
1.277776,2207.652891
1.279026,2191.725793
1.280276,2160.588284
1.281526,2126.552711
1.282776,2069.497293
1.284026,1911.480552
1.285276,1832.030281
1.286526,1742.995930
1.287776,1615.268921
1.289026,NaN
1.290276,NaN
1.291526,NaN
1.292776,NaN
1.294026,NaN
1.295276,NaN
1.296526,NaN
1.297776,NaN
1.299026,NaN
1.300276,NaN
1.301526,NaN
1.302776,NaN
1.304026,NaN
1.305276,NaN
1.306526,NaN
1.307776,NaN
1.309026,NaN
1.310276,NaN
1.311526,NaN
1.312776,NaN
1.314026,NaN
1.315276,NaN
1.316526,NaN
1.317776,NaN
1.319026,NaN
1.320276,NaN
1.321526,NaN
1.322776,NaN
1.324026,NaN
1.325276,NaN
1.326526,NaN
1.327776,NaN
1.329026,NaN
1.330276,NaN
1.331526,NaN
1.332776,NaN
1.334026,NaN
1.335276,NaN
1.336526,NaN
1.337776,NaN
1.339026,NaN
1.340276,NaN
1.341526,NaN
1.342776,NaN
1.344026,NaN
1.345276,NaN
1.346526,NaN
1.347776,NaN
1.349026,NaN
1.350276,NaN
1.351526,NaN
1.352776,NaN
1.354026,NaN
1.355276,NaN
1.356526,NaN
1.357776,NaN
1.359026,NaN
1.360276,NaN
1.361526,NaN
1.362776,NaN
1.364026,NaN
1.365276,NaN
1.366526,NaN
1.367776,NaN
1.369026,1719.004824
1.370276,1769.117285
1.371526,1804.737259
1.372776,1837.470174
1.374026,1863.800212
1.375276,1900.556377
1.376526,1953.605066
1.377776,1993.520139
1.379026,2036.742036
1.380276,2070.780562
1.381526,2103.140803
1.382776,2138.811083
1.384026,2155.733308
1.385276,2189.124825
1.386526,2219.794982
1.387776,2246.020779
1.389026,2261.626153
1.390276,2280.402230
1.391526,2295.104338
1.392776,2324.041811
1.394026,2362.571700
1.395276,NaN
1.396526,NaN
1.397776,NaN
1.399026,NaN
1.400276,NaN
1.401526,NaN
1.402776,NaN
1.404026,NaN
1.405276,NaN
1.406526,NaN
1.407776,NaN
1.409026,NaN
1.410276,NaN
1.411526,NaN
1.412776,NaN
1.414026,2266.798786
1.415276,2272.803261
1.416526,2294.892670
1.417776,2322.112538
1.419026,2350.704312
1.420276,2400.617572
1.421526,2420.820167
1.422776,2423.264883
1.424026,2479.600620
1.425276,2517.193677
1.426526,2569.742808
1.427776,NaN
1.429026,NaN
1.430276,NaN
1.431526,NaN
1.432776,NaN
1.434026,NaN
1.435276,NaN
1.436526,NaN
1.437776,NaN
1.439026,NaN
1.440276,NaN
1.441526,2238.908864
1.442776,2145.156163
1.444026,2126.446432
1.445276,2120.095158
1.446526,2094.998334
1.447776,2054.095014
1.449026,2005.707618
1.450276,1917.286769
1.451526,1809.017514
1.452776,1755.996897
1.454026,NaN
1.455276,NaN
1.456526,NaN
1.457776,NaN
1.459026,NaN
1.460276,NaN
1.461526,NaN
1.462776,NaN
1.464026,NaN
1.465276,NaN
1.466526,NaN
1.467776,NaN
1.469026,NaN
1.470276,NaN
1.471526,NaN
1.472776,NaN
1.474026,NaN
1.475276,NaN
1.476526,NaN
1.477776,NaN
1.479026,NaN
1.480276,NaN
1.481526,NaN
1.482776,NaN
1.484026,NaN
1.485276,NaN
1.486526,NaN
1.487776,NaN
1.489026,NaN
1.490276,NaN
1.491526,NaN
1.492776,NaN
1.494026,NaN
1.495276,NaN
1.496526,NaN
1.497776,NaN
1.499026,NaN
1.500276,NaN
1.501526,NaN
1.502776,NaN
1.504026,NaN
1.505276,NaN
1.506526,NaN
1.507776,NaN
1.509026,NaN
1.510276,NaN
1.511526,NaN
1.512776,NaN
1.514026,NaN
1.515276,NaN
1.516526,NaN
1.517776,NaN
1.519026,NaN
1.520276,NaN
1.521526,NaN
1.522776,NaN
1.524026,NaN
1.525276,NaN
1.526526,NaN
1.527776,NaN
1.529026,NaN
1.530276,NaN
1.531526,NaN
1.532776,NaN
1.534026,NaN
1.535276,NaN
1.536526,NaN
1.537776,1736.972430
1.539026,1793.317316
1.540276,1838.855354
1.541526,1875.692109
1.542776,1920.337154
1.544026,1971.622866
1.545276,1997.111829
1.546526,2043.856473
1.547776,2068.338406
1.549026,2109.030007
1.550276,2142.737707
1.551526,2160.482837
1.552776,2189.968353
1.554026,2217.957043
1.555276,2244.906285
1.556526,2267.852437
1.557776,2282.711505
1.559026,2294.952911
1.560276,2303.636810
1.561526,2308.458315
1.562776,2316.750981
1.564026,2323.558078
1.565276,2378.403236
1.566526,NaN
1.567776,NaN
1.569026,NaN
1.570276,NaN
1.571526,NaN
1.572776,NaN
1.574026,NaN
1.575276,NaN
1.576526,NaN
1.577776,NaN
1.579026,NaN
1.580276,NaN
1.581526,NaN
1.582776,NaN
1.584026,2253.486588
1.585276,2238.158289
1.586526,2257.726464
1.587776,2289.348932
1.589026,2317.314364
1.590276,2347.249442
1.591526,2394.387259
1.592776,2442.166867
1.594026,2464.281189
1.595276,2480.887529
1.596526,2484.724547
1.597776,2599.061935
1.599026,2691.728617
1.600276,NaN
1.601526,NaN
1.602776,NaN
1.604026,NaN
1.605276,NaN
1.606526,NaN
1.607776,NaN
1.609026,NaN
1.610276,NaN
1.611526,NaN
1.612776,NaN
1.614026,2242.761310
1.615276,2223.377244
1.616526,2191.285673
1.617776,2189.451893
1.619026,2197.217280
1.620276,2212.758947
1.621526,2218.351651
1.622776,2187.848552
1.624026,2141.976546
1.625276,2079.549730
1.626526,1905.355126
1.627776,1807.645735
1.629026,1740.851305
1.630276,1623.593468
1.631526,NaN
1.632776,NaN
1.634026,NaN
1.635276,NaN
1.636526,NaN
1.637776,NaN
1.639026,NaN
1.640276,NaN
1.641526,NaN
1.642776,NaN
1.644026,NaN
1.645276,NaN
1.646526,NaN
1.647776,NaN
1.649026,NaN
1.650276,NaN
1.651526,NaN
1.652776,NaN
1.654026,NaN
1.655276,NaN
1.656526,NaN
1.657776,NaN
1.659026,NaN
1.660276,NaN
1.661526,NaN
1.662776,NaN
1.664026,NaN
1.665276,NaN
1.666526,NaN
1.667776,NaN
1.669026,NaN
1.670276,NaN
1.671526,NaN
1.672776,NaN
1.674026,NaN
1.675276,NaN
1.676526,NaN
1.677776,NaN
1.679026,NaN
1.680276,NaN
1.681526,NaN
1.682776,NaN
1.684026,NaN
1.685276,NaN
1.686526,NaN
1.687776,NaN
1.689026,NaN
1.690276,NaN
1.691526,NaN
1.692776,NaN
1.694026,NaN
1.695276,NaN
1.696526,NaN
1.697776,NaN
1.699026,NaN
1.700276,NaN
1.701526,NaN
1.702776,NaN
1.704026,NaN
1.705276,NaN
1.706526,NaN
1.707776,NaN
1.709026,NaN
1.710276,NaN
1.711526,NaN
1.712776,NaN
1.714026,NaN
1.715276,NaN
1.716526,NaN
1.717776,NaN
1.719026,1737.198154
1.720276,1794.510590
1.721526,1840.692963
1.722776,1873.337241
1.724026,1919.138832
1.725276,1981.635380
1.726526,2009.419032
1.727776,2049.392855
1.729026,2067.932573
1.730276,2100.801876
1.731526,2123.955574
1.732776,2143.533943
1.734026,2170.283489
1.735276,2186.811377
1.736526,2218.491548
1.737776,2238.066038
1.739026,2258.651595
1.740276,2282.678361
1.741526,2298.048143
1.742776,2302.210038
1.744026,2310.032801
1.745276,2324.858528
1.746526,2334.614616
1.747776,NaN
1.749026,NaN
1.750276,NaN
1.751526,NaN
1.752776,NaN
1.754026,NaN
1.755276,NaN
1.756526,NaN
1.757776,NaN
1.759026,NaN
1.760276,NaN
1.761526,NaN
1.762776,NaN
1.764026,NaN
1.765276,2363.647242
1.766526,2348.695765
1.767776,2363.556623
1.769026,2399.716268
1.770276,2428.715384
1.771526,2446.978875
1.772776,2467.904307
1.774026,2461.243402
1.775276,2468.652605
1.776526,2499.056044
1.777776,2575.761595
1.779026,NaN
1.780276,NaN
1.781526,NaN
1.782776,NaN
1.784026,NaN
1.785276,NaN
1.786526,NaN
1.787776,NaN
1.789026,NaN
1.790276,NaN
1.791526,NaN
1.792776,2549.194246
1.794026,2329.613821
1.795276,2287.130440
1.796526,2288.280852
1.797776,2296.852265
1.799026,2306.030590
1.800276,2319.940955
1.801526,2338.750884
1.802776,2361.757761
1.804026,2393.974474
1.805276,2387.076385
1.806526,2369.189382
1.807776,2358.366076
1.809026,2340.556925
1.810276,2313.741435
1.811526,2223.263457
1.812776,2116.875575
1.814026,1811.932712
1.815276,1746.870269
1.816526,1725.804507
1.817776,NaN
1.819026,NaN
1.820276,NaN
1.821526,NaN
1.822776,NaN
1.824026,NaN
1.825276,NaN
1.826526,NaN
1.827776,NaN
1.829026,NaN
1.830276,NaN
1.831526,NaN
1.832776,NaN
1.834026,NaN
1.835276,NaN
1.836526,NaN
1.837776,NaN
1.839026,NaN
1.840276,NaN
1.841526,NaN
1.842776,NaN
1.844026,NaN
1.845276,NaN
1.846526,NaN
1.847776,NaN
1.849026,NaN
1.850276,NaN
1.851526,NaN
1.852776,NaN
1.854026,NaN
1.855276,NaN
1.856526,NaN
1.857776,NaN
1.859026,NaN
1.860276,NaN
