Time_s,F0_Hz
0.780741,NaN
0.781991,NaN
0.783241,NaN
0.784491,NaN
0.785741,NaN
0.786991,NaN
0.788241,NaN
0.789491,NaN
0.790741,NaN
0.791991,NaN
0.793241,NaN
0.794491,NaN
0.795741,NaN
0.796991,NaN
0.798241,NaN
0.799491,NaN
0.800741,NaN
0.801991,NaN
0.803241,NaN
0.804491,NaN
0.805741,NaN
0.806991,NaN
0.808241,NaN
0.809491,NaN
0.810741,NaN
0.811991,NaN
0.813241,NaN
0.814491,NaN
0.815741,NaN
0.816991,NaN
0.818241,NaN
0.819491,NaN
0.820741,NaN
0.821991,NaN
0.823241,NaN
0.824491,NaN
0.825741,NaN
0.826991,NaN
0.828241,NaN
0.829491,NaN
0.830741,NaN
0.831991,NaN
0.833241,NaN
0.834491,NaN
0.835741,NaN
0.836991,NaN
0.838241,NaN
0.839491,1658.549696
0.840741,1709.989966
0.841991,1735.514226
0.843241,1447.507289
0.844491,1478.059963
0.845741,1564.634652
0.846991,1632.346979
0.848241,1682.003996
0.849491,1728.575407
0.850741,1772.683633
0.851991,1810.622521
0.853241,1811.483824
0.854491,1795.653614
0.855741,1821.202107
0.856991,1906.107459
0.858241,1928.726715
0.859491,1972.180631
0.860741,2001.438557
0.861991,2046.193668
0.863241,2064.186873
0.864491,2089.419732
0.865741,2183.295552
0.866991,2232.155996
0.868241,2302.158918
0.869491,2357.846587
0.870741,2397.524502
0.871991,2512.177489
0.873241,2667.814131
0.874491,2767.238203
0.875741,2902.002037
0.876991,3191.686932
0.878241,NaN
0.879491,NaN
0.880741,NaN
0.881991,NaN
0.883241,NaN
0.884491,NaN
0.885741,NaN
0.886991,NaN
0.888241,NaN
0.889491,NaN
0.890741,3062.934653
0.891991,2812.480458
0.893241,2828.407445
0.894491,2717.107983
0.895741,2503.312260
0.896991,2342.366159
0.898241,2358.359836
0.899491,2368.349943
0.900741,2400.320084
0.901991,2408.404619
0.903241,2428.766338
0.904491,2444.178345
0.905741,2503.717570
0.906991,2746.243925
0.908241,2866.794868
0.909491,2503.355250
0.910741,2506.467932
0.911991,3048.534335
0.913241,3170.686623
0.914491,3266.676362
0.915741,3288.698036
0.916991,3185.568386
0.918241,3179.846271
0.919491,3143.005608
0.920741,3135.041411
0.921991,3024.057556
0.923241,2679.189611
0.924491,2250.034508
0.925741,2267.416776
0.926991,2289.822247
0.928241,2320.454755
0.929491,2352.044606
0.930741,2397.968466
0.931991,2437.877337
0.933241,2485.182799
0.934491,2524.609026
0.935741,2576.604206
0.936991,2583.465275
0.938241,2591.766303
0.939491,2718.180694
0.940741,3087.056538
0.941991,3206.380511
0.943241,3163.738891
0.944491,3126.104976
0.945741,3196.908508
0.946991,3263.452353
0.948241,3374.962870
0.949491,3145.536858
0.950741,3411.536599
0.951991,3427.929633
0.953241,3162.837672
0.954491,3103.778757
0.955741,3326.222299
0.956991,3595.150059
0.958241,3586.585421
0.959491,3530.975197
0.960741,3458.239364
0.961991,3343.500778
0.963241,3250.978377
0.964491,3240.745976
0.965741,3284.316726
0.966991,3447.943556
0.968241,3479.096237
0.969491,3423.829961
0.970741,3294.656630
0.971991,3219.778441
0.973241,3507.693288
0.974491,3544.625078
0.975741,3559.935442
0.976991,3619.649750
0.978241,3581.703414
0.979491,3543.440652
0.980741,NaN
0.981991,NaN
0.983241,NaN
0.984491,NaN
0.985741,NaN
0.986991,NaN
0.988241,NaN
0.989491,NaN
0.990741,NaN
0.991991,NaN
0.993241,NaN
0.994491,NaN
0.995741,NaN
0.996991,NaN
0.998241,NaN
0.999491,NaN
1.000741,NaN
1.001991,NaN
1.003241,NaN
1.004491,NaN
1.005741,NaN
1.006991,NaN
1.008241,NaN
1.009491,NaN
1.010741,NaN
1.011991,NaN
1.013241,NaN
1.014491,NaN
1.015741,NaN
1.016991,NaN
1.018241,NaN
1.019491,NaN
1.020741,NaN
1.021991,NaN
1.023241,NaN
1.024491,NaN
1.025741,NaN
1.026991,NaN
1.028241,NaN
1.029491,NaN
1.030741,1743.416184
1.031991,1744.198270
1.033241,1723.880396
1.034491,1529.912519
1.035741,1588.737344
1.036991,1659.256443
1.038241,1710.967790
1.039491,1759.912853
1.040741,1804.209015
1.041991,1806.211714
1.043241,1795.488044
1.044491,1810.912946
1.045741,1842.075700
1.046991,1885.754382
1.048241,1996.561464
1.049491,1860.138563
1.050741,1881.598758
1.051991,2114.414393
1.053241,2178.475684
1.054491,2222.152099
1.055741,2289.176077
1.056991,2310.491625
1.058241,2328.701270
1.059491,2362.981850
1.060741,2386.023021
1.061991,2415.745229
1.063241,2513.860843
1.064491,2759.497592
1.065741,3128.179422
1.066991,3350.269807
1.068241,2967.948128
1.069491,2523.974200
1.070741,2691.044778
1.071991,3027.362918
1.073241,3315.153504
1.074491,NaN
1.075741,NaN
1.076991,NaN
1.078241,3376.808213
1.079491,3331.595340
1.080741,3048.646371
1.081991,2848.688645
1.083241,2701.508051
1.084491,2558.500652
1.085741,2458.412418
1.086991,2391.055536
1.088241,2441.038558
1.089491,2475.504709
1.090741,2522.092855
1.091991,2542.288403
1.093241,2550.734865
1.094491,2722.795445
1.095741,3160.407512
1.096991,3346.530031
1.098241,3345.353980
1.099491,3261.503440
1.100741,3242.722858
1.101991,3144.356279
1.103241,NaN
1.104491,NaN
1.105741,NaN
1.106991,NaN
1.108241,3383.876255
1.109491,3171.361462
1.110741,3177.114096
1.111991,3205.642151
1.113241,1896.059769
1.114491,2017.693683
1.115741,1886.017575
1.116991,1784.580691
1.118241,1826.747982
1.119491,1814.373700
1.120741,1786.921621
1.121991,3502.248905
1.123241,3430.530157
1.124491,3399.090589
1.125741,3522.796373
1.126991,3462.560297
1.128241,3308.489181
1.129491,3129.607653
1.130741,2955.881611
1.131991,3354.804111
1.133241,3475.055758
1.134491,3471.104393
1.135741,3498.453335
1.136991,3512.336865
1.138241,NaN
1.139491,NaN
1.140741,NaN
1.141991,NaN
1.143241,NaN
1.144491,NaN
1.145741,NaN
1.146991,NaN
1.148241,NaN
1.149491,NaN
1.150741,NaN
1.151991,NaN
1.153241,NaN
1.154491,NaN
1.155741,NaN
1.156991,NaN
1.158241,NaN
1.159491,NaN
1.160741,NaN
1.161991,NaN
1.163241,NaN
1.164491,NaN
1.165741,NaN
1.166991,NaN
1.168241,NaN
1.169491,NaN
1.170741,NaN
1.171991,NaN
1.173241,NaN
1.174491,NaN
1.175741,NaN
1.176991,NaN
1.178241,NaN
1.179491,NaN
1.180741,NaN
1.181991,NaN
1.183241,NaN
1.184491,NaN
1.185741,NaN
1.186991,NaN
1.188241,NaN
1.189491,NaN
1.190741,1761.505031
1.191991,1694.057160
1.193241,1732.113191
1.194491,1756.132606
1.195741,1629.478023
1.196991,1607.379830
1.198241,1683.318692
1.199491,1736.970158
1.200741,1779.489054
1.201991,1806.458016
1.203241,1805.780143
1.204491,1801.164147
1.205741,1818.441956
1.206991,1841.654788
1.208241,1890.847415
1.209491,1942.275241
1.210741,1919.255586
1.211991,1956.546702
1.213241,1969.314972
1.214491,1974.374192
1.215741,2112.564590
1.216991,2253.328053
1.218241,2277.830350
1.219491,2303.048529
1.220741,2355.743623
1.221991,2396.458144
1.223241,2444.315742
1.224491,2528.265968
1.225741,2765.335593
1.226991,3201.677606
1.228241,3270.879066
1.229491,3077.006658
1.230741,2716.341711
1.231991,3302.941187
1.233241,3528.806607
1.234491,3456.773407
1.235741,3432.960058
1.236991,NaN
1.238241,NaN
1.239491,NaN
1.240741,1167.179585
1.241991,1169.737700
1.243241,1175.381161
1.244491,1224.324102
1.245741,1183.026329
1.246991,1163.988888
1.248241,1167.032489
1.249491,2350.973472
1.250741,2385.161929
1.251991,2427.667936
1.253241,2464.687100
1.254491,2508.795427
1.255741,2545.037707
1.256991,2562.909941
1.258241,2652.757047
1.259491,3033.308436
1.260741,3223.443441
1.261991,3059.361298
1.263241,2851.893267
1.264491,2947.263770
1.265741,3126.840783
1.266991,3087.044666
1.268241,3150.599350
1.269491,3075.527753
1.270741,3288.993980
1.271991,3269.777771
1.273241,3119.909005
1.274491,3041.263803
1.275741,2622.428894
1.276991,2252.940643
1.278241,2251.481586
1.279491,2186.330972
1.280741,1928.338123
1.281991,1848.006910
1.283241,1825.016559
1.284491,1806.083285
1.285741,1766.965029
1.286991,1725.700408
1.288241,1654.086052
1.289491,1656.680421
1.290741,1675.360210
1.291991,1711.537736
1.293241,1674.877474
1.294491,1748.690843
1.295741,1754.946007
1.296991,1785.973153
1.298241,1833.726443
1.299491,1795.190037
1.300741,NaN
1.301991,NaN
1.303241,NaN
1.304491,NaN
1.305741,NaN
1.306991,NaN
1.308241,NaN
1.309491,NaN
1.310741,NaN
1.311991,NaN
1.313241,NaN
1.314491,NaN
1.315741,NaN
1.316991,NaN
1.318241,NaN
1.319491,NaN
1.320741,NaN
1.321991,NaN
1.323241,NaN
1.324491,NaN
1.325741,NaN
1.326991,NaN
1.328241,NaN
1.329491,NaN
1.330741,NaN
1.331991,NaN
1.333241,NaN
1.334491,NaN
1.335741,NaN
1.336991,NaN
1.338241,NaN
1.339491,NaN
1.340741,NaN
1.341991,NaN
1.343241,NaN
1.344491,NaN
1.345741,NaN
1.346991,NaN
1.348241,NaN
1.349491,NaN
1.350741,NaN
1.351991,NaN
1.353241,NaN
1.354491,NaN
1.355741,NaN
1.356991,NaN
1.358241,NaN
1.359491,1749.831123
1.360741,1744.012984
1.361991,1741.249620
1.363241,1729.482433
1.364491,1558.300791
1.365741,1601.392319
1.366991,1639.906117
1.368241,1697.890646
1.369491,1742.000169
1.370741,1778.154144
1.371991,1807.208750
1.373241,1819.525641
1.374491,1814.748226
1.375741,1827.809553
1.376991,1821.148183
1.378241,1820.581670
1.379491,1876.222218
1.380741,1924.237428
1.381991,1901.905644
1.383241,1899.848541
1.384491,1176.880982
1.385741,1157.979572
1.386991,1139.604427
1.388241,1132.787189
1.389491,1139.053448
1.390741,1142.167465
1.391991,1154.742517
1.393241,1185.538403
1.394491,1217.181961
1.395741,1185.828827
1.396991,1198.143258
1.398241,1199.578308
1.399491,1158.627664
1.400741,1154.572702
1.401991,1123.759155
1.403241,NaN
1.404491,NaN
1.405741,NaN
1.406991,NaN
1.408241,NaN
1.409491,3348.117856
1.410741,2986.589046
1.411991,2689.550089
1.413241,2588.875649
1.414491,2327.085246
1.415741,2308.156644
1.416991,2315.112396
1.418241,2329.080937
1.419491,2378.771915
1.420741,2423.893616
1.421991,2445.029211
1.423241,2480.224888
1.424491,2545.956238
1.425741,2947.187509
1.426991,3037.921542
1.428241,3263.833432
1.429491,3369.215451
1.430741,3081.308082
1.431991,2950.499303
1.433241,3212.936325
1.434491,3318.275461
1.435741,3180.807160
1.436991,3342.959991
1.438241,3389.779145
1.439491,3175.231044
1.440741,2983.755848
1.441991,3044.028761
1.443241,2101.751104
1.444491,2059.085024
1.445741,1983.474150
1.446991,1888.789815
1.448241,1867.449862
1.449491,1828.242631
1.450741,1790.186458
1.451991,1764.063866
1.453241,1725.631815
1.454491,1681.123929
1.455741,1673.314083
1.456991,1738.697760
1.458241,1755.693367
1.459491,1797.630341
1.460741,1798.233594
1.461991,1805.299079
1.463241,1814.616970
1.464491,1810.387460
1.465741,1779.289544
1.466991,1762.743901
1.468241,NaN
1.469491,NaN
1.470741,NaN
1.471991,NaN
1.473241,NaN
1.474491,NaN
1.475741,NaN
1.476991,NaN
1.478241,NaN
1.479491,NaN
1.480741,NaN
1.481991,NaN
1.483241,NaN
1.484491,NaN
1.485741,NaN
1.486991,NaN
1.488241,NaN
1.489491,NaN
1.490741,NaN
1.491991,NaN
1.493241,NaN
1.494491,NaN
1.495741,NaN
1.496991,NaN
1.498241,NaN
1.499491,NaN
1.500741,NaN
1.501991,NaN
1.503241,NaN
1.504491,NaN
1.505741,NaN
1.506991,NaN
1.508241,NaN
1.509491,NaN
1.510741,NaN
1.511991,NaN
1.513241,NaN
1.514491,NaN
1.515741,NaN
1.516991,NaN
1.518241,NaN
1.519491,NaN
1.520741,NaN
1.521991,NaN
1.523241,NaN
1.524491,NaN
1.525741,NaN
1.526991,NaN
1.528241,1717.439237
1.529491,1740.923925
1.530741,1757.951024
1.531991,1749.664186
1.533241,1591.073702
1.534491,1601.301586
1.535741,1665.669725
1.536991,1722.398720
1.538241,1757.264948
1.539491,1794.620347
1.540741,1816.398171
1.541991,1818.985011
1.543241,1821.665823
1.544491,1824.162181
1.545741,1791.764185
1.546991,1792.742837
1.548241,1827.013327
1.549491,1919.020412
1.550741,1968.812968
1.551991,1987.991591
1.553241,2014.394063
1.554491,2184.066009
1.555741,2233.403432
1.556991,2255.346527
1.558241,2267.954789
1.559491,2293.820929
1.560741,2303.597902
1.561991,2320.162361
1.563241,2332.204004
1.564491,2348.198586
1.565741,2535.249044
1.566991,2982.965557
1.568241,3266.381578
1.569491,3376.912133
1.570741,3337.521543
1.571991,3324.896749
1.573241,3260.456674
1.574491,NaN
1.575741,NaN
1.576991,NaN
1.578241,NaN
1.579491,NaN
1.580741,1743.177578
1.581991,1762.067958
1.583241,1855.801407
1.584491,2033.024605
1.585741,2171.518444
1.586991,2233.745220
1.588241,2283.785977
1.589491,2324.439506
1.590741,2363.314348
1.591991,2438.862702
1.593241,2495.910222
1.594491,2512.707998
1.595741,2542.311281
1.596991,2587.590621
1.598241,2731.432827
1.599491,3043.163233
1.600741,3328.756284
1.601991,3357.920876
1.603241,3208.345117
1.604491,2900.761818
1.605741,3030.515652
1.606991,3117.009970
1.608241,3333.898370
1.609491,3512.129299
1.610741,3478.603194
1.611991,3338.067376
1.613241,2971.429618
1.614491,2464.963556
1.615741,2188.788167
1.616991,2217.894892
1.618241,2207.228614
1.619491,2207.907977
1.620741,2148.284648
1.621991,2037.597001
1.623241,2156.326214
1.624491,1910.719221
1.625741,1817.938976
1.626991,1793.114469
1.628241,1762.840908
1.629491,1726.578524
1.630741,1686.325644
1.631991,1774.418345
1.633241,1768.304786
1.634491,1721.788113
1.635741,1653.952825
1.636991,1622.788826
1.638241,1700.666441
1.639491,1761.077753
1.640741,1820.514646
1.641991,1813.233190
1.643241,1788.776226
1.644491,1750.170609
1.645741,NaN
1.646991,NaN
1.648241,NaN
1.649491,NaN
1.650741,NaN
1.651991,NaN
1.653241,NaN
1.654491,NaN
1.655741,NaN
1.656991,NaN
1.658241,NaN
1.659491,NaN
1.660741,NaN
1.661991,NaN
1.663241,NaN
1.664491,NaN
1.665741,NaN
1.666991,NaN
1.668241,NaN
1.669491,NaN
1.670741,NaN
1.671991,NaN
1.673241,NaN
1.674491,NaN
1.675741,NaN
1.676991,NaN
1.678241,NaN
1.679491,NaN
1.680741,NaN
1.681991,NaN
1.683241,NaN
1.684491,NaN
1.685741,NaN
1.686991,NaN
1.688241,NaN
1.689491,NaN
1.690741,NaN
1.691991,NaN
1.693241,NaN
1.694491,NaN
1.695741,NaN
1.696991,NaN
1.698241,NaN
1.699491,NaN
1.700741,NaN
1.701991,NaN
1.703241,NaN
1.704491,NaN
1.705741,NaN
1.706991,NaN
1.708241,NaN
1.709491,NaN
1.710741,1751.441829
1.711991,1751.695569
1.713241,1758.913109
1.714491,1612.244570
1.715741,1579.569772
1.716991,1670.120232
1.718241,1728.116645
1.719491,1759.507295
1.720741,1794.420583
1.721991,1820.400567
1.723241,1823.814004
1.724491,1820.980303
1.725741,1835.711955
1.726991,1836.517998
1.728241,1930.487993
1.729491,1995.438789
1.730741,1960.978159
1.731991,1958.272755
1.733241,1940.968093
1.734491,1952.008726
1.735741,2116.024879
1.736991,2215.191454
1.738241,2244.291107
1.739491,2255.351567
1.740741,2272.287874
1.741991,2292.255140
1.743241,2305.904534
1.744491,2309.856372
1.745741,2332.198108
1.746991,2417.704404
1.748241,2661.462386
1.749491,3092.089175
1.750741,3270.316914
1.751991,3273.493367
1.753241,3113.363736
1.754491,NaN
1.755741,NaN
1.756991,NaN
1.758241,NaN
1.759491,NaN
1.760741,3193.452859
1.761991,2967.427471
1.763241,2800.955235
1.764491,2672.053017
1.765741,2439.910068
1.766991,2375.500495
1.768241,2396.198789
1.769491,2411.920016
1.770741,2461.315546
1.771991,2454.655489
1.773241,2464.269832
1.774491,2483.419096
1.775741,2521.266803
1.776991,2594.112769
1.778241,2923.182604
1.779491,3291.038163
1.780741,3499.225892
1.781991,3432.417654
1.783241,2871.109370
1.784491,2774.860247
1.785741,3388.271688
1.786991,3246.155799
1.788241,3298.965390
1.789491,3335.696734
1.790741,3250.773937
1.791991,3161.145904
1.793241,2963.270732
1.794491,2412.164927
1.795741,2316.403329
1.796991,2312.996708
1.798241,2301.417951
1.799491,2305.040420
1.800741,2330.037386
1.801991,2362.179884
1.803241,2380.191290
1.804491,2375.817358
1.805741,2405.894969
1.806991,2403.264114
1.808241,2349.177801
1.809491,2306.082745
1.810741,2146.293591
1.811991,1906.633609
1.813241,1828.434975
1.814491,1769.475704
1.815741,1738.519692
1.816991,1736.775533
1.818241,1795.062399
1.819491,1775.814487
1.820741,1781.987882
1.821991,1839.306036
1.823241,1767.061464
1.824491,1755.112600
1.825741,1769.574967
1.826991,1750.242997
1.828241,1748.531904
1.829491,1783.148316
1.830741,NaN
1.831991,NaN
1.833241,NaN
1.834491,NaN
1.835741,NaN
1.836991,NaN
1.838241,NaN
1.839491,NaN
1.840741,NaN
1.841991,NaN
1.843241,NaN
1.844491,NaN
1.845741,NaN
1.846991,NaN
1.848241,NaN
1.849491,NaN
1.850741,NaN
1.851991,NaN
1.853241,NaN
1.854491,NaN
1.855741,NaN
1.856991,NaN
1.858241,NaN
1.859491,NaN
1.860741,NaN
1.861991,NaN
1.863241,NaN
1.864491,NaN
1.865741,NaN
1.866991,NaN
1.868241,NaN
1.869491,NaN
1.870741,NaN
1.871991,NaN
1.873241,NaN
1.874491,NaN
1.875741,NaN
1.876991,NaN
1.878241,NaN
1.879491,NaN
1.880741,NaN
1.881991,NaN
1.883241,NaN
1.884491,NaN
1.885741,NaN
1.886991,NaN
1.888241,NaN
1.889491,NaN
1.890741,NaN
1.891991,NaN
1.893241,NaN
1.894491,NaN
1.895741,NaN
1.896991,NaN
1.898241,NaN
1.899491,NaN
1.900741,NaN
1.901991,NaN
1.903241,NaN
1.904491,1766.499518
1.905741,1740.476369
1.906991,1751.902879
1.908241,1717.288285
1.909491,1573.124962
1.910741,1593.902101
1.911991,1690.804300
1.913241,1764.738656
1.914491,1779.249978
1.915741,1788.807271
1.916991,1788.506788
1.918241,1785.502294
1.919491,1893.257813
1.920741,1812.378055
1.921991,1787.269831
1.923241,1783.848992
1.924491,1799.973303
1.925741,1808.295873
1.926991,1865.639080
1.928241,1905.612282
1.929491,1951.106654
1.930741,2098.880063
1.931991,2198.775274
1.933241,2209.202444
1.934491,2236.770393
1.935741,2247.746499
1.936991,2250.961858
1.938241,2261.822385
1.939491,2266.445101
1.940741,2269.615611
1.941991,2304.097407
1.943241,2402.430749
1.944491,2710.482081
1.945741,NaN
1.946991,NaN
1.948241,NaN
1.949491,NaN
1.950741,NaN
1.951991,NaN
1.953241,NaN
1.954491,NaN
1.955741,NaN
1.956991,NaN
1.958241,3029.882234
1.959491,2869.627063
1.960741,2333.042220
1.961991,2282.892850
1.963241,2300.841019
1.964491,2308.732464
1.965741,2345.621977
1.966991,2368.971226
1.968241,2405.567848
1.969491,2425.252412
1.970741,2429.574473
1.971991,2446.836863
1.973241,2483.953613
1.974491,2597.842317
1.975741,3042.595630
1.976991,3349.689461
1.978241,3505.729498
1.979491,3549.719406
1.980741,3514.023556
1.981991,3314.814098
1.983241,3082.449640
1.984491,3352.413441
1.985741,3408.151595
1.986991,3383.422030
1.988241,3401.813339
1.989491,3333.614721
1.990741,3079.192299
1.991991,2780.242655
1.993241,2346.676131
1.994491,2286.228209
1.995741,2286.338721
1.996991,2292.231927
1.998241,2307.720184
1.999491,2321.593908
2.000741,2334.265351
2.001991,2334.906803
2.003241,2359.640326
2.004491,2317.170830
2.005741,2252.934920
2.006991,2058.994590
2.008241,3548.276428
2.009491,3562.118117
2.010741,3501.486858
2.011991,3472.963885
2.013241,3381.307287
2.014491,3357.058362
2.015741,3302.778472
2.016991,3208.684587
2.018241,3275.583568
2.019491,3354.430172
2.020741,3468.531853
2.021991,3483.379264
2.023241,NaN
2.024491,NaN
2.025741,NaN
2.026991,NaN
2.028241,NaN
2.029491,NaN
2.030741,NaN
2.031991,NaN
2.033241,NaN
2.034491,NaN
2.035741,NaN
2.036991,NaN
2.038241,NaN
2.039491,NaN
2.040741,NaN
2.041991,NaN
2.043241,NaN
2.044491,NaN
2.045741,NaN
2.046991,NaN
2.048241,NaN
2.049491,NaN
2.050741,NaN
2.051991,NaN
2.053241,NaN
2.054491,NaN
2.055741,NaN
2.056991,NaN
2.058241,NaN
2.059491,NaN
2.060741,NaN
2.061991,NaN
2.063241,NaN
2.064491,NaN
2.065741,NaN
2.066991,NaN
2.068241,NaN
2.069491,NaN
2.070741,NaN
2.071991,NaN
2.073241,NaN
2.074491,NaN
2.075741,NaN
2.076991,NaN
2.078241,NaN
2.079491,NaN
2.080741,NaN
2.081991,NaN
2.083241,NaN
2.084491,NaN
2.085741,NaN
2.086991,NaN
2.088241,NaN
2.089491,NaN
2.090741,NaN
2.091991,NaN
2.093241,NaN
2.094491,NaN
2.095741,NaN
2.096991,NaN
2.098241,NaN
2.099491,NaN
2.100741,NaN
2.101991,NaN
2.103241,NaN
2.104491,NaN
2.105741,NaN
2.106991,NaN
2.108241,NaN
2.109491,NaN
2.110741,NaN
2.111991,NaN
2.113241,NaN
2.114491,NaN
2.115741,NaN
2.116991,NaN
2.118241,NaN
2.119491,NaN
2.120741,1749.919308
2.121991,1767.234098
2.123241,1766.907874
2.124491,1584.265245
2.125741,1630.855823
2.126991,1733.701315
2.128241,1774.958152
2.129491,1784.475621
2.130741,1788.342777
2.131991,1778.148362
2.133241,1816.326721
2.134491,1920.052040
2.135741,1862.456205
2.136991,1797.673406
2.138241,1798.311971
2.139491,1852.291907
2.140741,1924.470912
2.141991,2073.173365
2.143241,2131.709281
2.144491,2186.778258
2.145741,2210.596055
2.146991,2240.568514
2.148241,2245.845789
2.149491,2255.988790
2.150741,2266.543275
2.151991,2264.777396
2.153241,2266.646386
2.154491,2270.428016
2.155741,2291.724967
2.156991,2340.423065
2.158241,2442.464981
2.159491,2888.091033
2.160741,3331.523734
2.161991,3436.085941
2.163241,3459.378656
2.164491,3343.883991
2.165741,3331.944979
2.166991,NaN
2.168241,NaN
2.169491,NaN
2.170741,NaN
2.171991,3121.232657
2.173241,3005.039755
2.174491,2781.197103
2.175741,2415.968225
2.176991,2403.200104
2.178241,2397.803764
2.179491,2460.060673
2.180741,2505.996757
2.181991,2481.459787
2.183241,2489.729714
2.184491,2515.598624
2.185741,2541.655321
2.186991,2602.437161
2.188241,2820.626282
2.189491,3257.525713
2.190741,3436.110883
2.191991,3567.978570
2.193241,3565.841120
2.194491,3511.307779
2.195741,3114.225960
2.196991,2785.844079
2.198241,3108.409700
2.199491,3149.926794
2.200741,3290.257306
2.201991,3424.563179
2.203241,3268.389693
2.204491,3002.629094
2.205741,2808.744860
2.206991,2498.719595
2.208241,2438.129980
2.209491,2398.118255
2.210741,2424.221301
2.211991,2447.629932
2.213241,2462.214436
2.214491,2461.323869
2.215741,2477.602001
2.216991,2501.916683
2.218241,2531.827313
2.219491,2531.345966
2.220741,2529.959671
2.221991,2499.082907
2.223241,2475.527536
2.224491,2471.506597
2.225741,2468.542032
2.226991,2471.363818
2.228241,2473.991890
2.229491,2463.847469
2.230741,2453.778831
2.231991,2441.100675
2.233241,2452.104369
2.234491,2463.810273
2.235741,2437.914142
2.236991,2403.595093
2.238241,2395.385091
2.239491,2377.137454
2.240741,2358.469507
2.241991,2334.059514
2.243241,2327.321979
2.244491,2330.793642
2.245741,2316.000502
2.246991,2269.190564
2.248241,2231.670031
2.249491,2193.000957
2.250741,1972.462691
2.251991,3592.561770
2.253241,3586.809038
2.254491,3562.649922
2.255741,3498.368295
2.256991,3429.840310
2.258241,3181.456331
2.259491,3301.465277
2.260741,3484.825514
2.261991,3413.594208
2.263241,3428.892363
2.264491,3485.621519
2.265741,3490.348292
2.266991,3495.465696
2.268241,3208.724173
2.269491,3278.086861
2.270741,3382.817355
2.271991,3435.114808
2.273241,NaN
2.274491,NaN
2.275741,NaN
2.276991,NaN
2.278241,NaN
2.279491,NaN
2.280741,NaN
2.281991,NaN
2.283241,NaN
2.284491,NaN
2.285741,NaN
2.286991,NaN
2.288241,NaN
2.289491,NaN
2.290741,NaN
2.291991,NaN
2.293241,NaN
2.294491,NaN
2.295741,NaN
2.296991,NaN
2.298241,NaN
2.299491,NaN
2.300741,NaN
2.301991,NaN
2.303241,NaN
2.304491,NaN
2.305741,NaN
2.306991,NaN
2.308241,NaN
2.309491,NaN
2.310741,NaN
2.311991,NaN
2.313241,NaN
2.314491,NaN
2.315741,NaN
2.316991,NaN
2.318241,NaN
2.319491,NaN
2.320741,NaN
2.321991,NaN
2.323241,NaN
2.324491,NaN
2.325741,NaN
2.326991,NaN
2.328241,NaN
2.329491,NaN
2.330741,NaN
2.331991,NaN
2.333241,NaN
2.334491,NaN
2.335741,NaN
